% # columns="iteration, evaluation, sigma, max axis length,  min axis length, all principle axes lengths  (sorted square roots of eigenvalues of C)", seed=617773, Tue Jul  6 15:34:05 2021
1 10 0.9201427643059181 1.0000444454321133 1.0 1.0 1.0000055555709877 1.0000111111728396 1.0000166668055563 1.0000222224691375 1.0000277781635838 1.0000333338888951 1.0000388896450716 1.0000444454321133
2 20 0.9519580691802295 1.0569298562246878 0.9220304948032402 0.9220304948032402 0.9539038493006163 0.974691243637697 0.9934984773954757 0.9990538099959012 1.0009712045381776 1.0015888518790135 1.0095544965545848 1.0569298562246878
3 30 0.8805896736379946 1.148305426034102 0.8518690957602377 0.8518690957602377 0.9348560488898124 0.9579076637598426 0.9786177715223984 0.9869093641800966 1.0008077678571405 1.0043885033353543 1.0420719965488974 1.148305426034102
4 40 0.7879425588683919 1.1610397721246923 0.8111919934691288 0.8111919934691288 0.9042218294946667 0.9437070236312355 0.9529625153078491 0.9743131943555932 0.9859086844946894 1.0047309295532842 1.046375809808985 1.1610397721246923
5 50 0.7613626484516246 1.1696423176472115 0.7991494001773448 0.7991494001773448 0.8768166757697073 0.9041936127455059 0.9558079750585001 0.9692282644449338 0.9906593944423132 1.0209284098752789 1.0452195425628075 1.1696423176472115
6 60 0.7940836235419887 1.1796787949513001 0.7699831107499415 0.7699831107499415 0.8614242501432677 0.930067951619713 0.9473030426293518 0.9652788569955808 0.9732948997251311 1.0190360711501019 1.0436358468020772 1.1796787949513001
7 70 0.8013200167560796 1.1972962008861128 0.7374472862181912 0.7374472862181912 0.8312711170228474 0.9106858062310271 0.9223238608642669 0.9606141518053593 0.9810932260075068 1.0173812542657412 1.1311044991895904 1.1972962008861128
8 80 0.7593403805928208 1.186018944905451 0.6976261291356175 0.6976261291356175 0.7994056780414625 0.8850316104954641 0.9433185827411857 0.9674068164967149 0.9954961018488526 1.0611109295176624 1.1441400712840164 1.186018944905451
9 90 0.7241795358568422 1.1696926368741445 0.6596345638743449 0.6596345638743449 0.7922353379317845 0.8694031698668834 0.9514411287187055 0.9709877936522329 0.9971641006957654 1.0608980823845464 1.1356622994652332 1.1696926368741445
10 100 0.697317474202076 1.1646496503784136 0.6416204460839783 0.6416204460839783 0.7633025841584434 0.8355524044950429 0.9345053452740433 0.9701410328869317 0.9945994841033649 1.105485943026157 1.1307193180027997 1.1646496503784136
11 110 0.6379191885453696 1.1962738649588063 0.6097865360339078 0.6097865360339078 0.7439604610961936 0.8064182642627687 0.9282444796277163 0.9592554103893657 1.005869012196893 1.1124290912800023 1.135422203993548 1.1962738649588063
12 120 0.5982781245046616 1.2066989477760162 0.5978694622010827 0.5978694622010827 0.7246557421299853 0.7861199250771562 0.8997907275368362 0.9511908500820792 1.0026129204111296 1.1090140237806947 1.1292911370424972 1.2066989477760162
13 130 0.5684633094242157 1.2486694641629723 0.5653239261390867 0.5653239261390867 0.7455721260544552 0.7739352037763573 0.8854980527013688 0.9288630246301036 1.0018965995665516 1.0885925870003985 1.1248985596244527 1.2486694641629723
14 140 0.6296850012644382 1.240175353662048 0.5578976919512165 0.5578976919512165 0.7206939849609488 0.7545956980639981 0.8478494033200492 0.9529480412444756 1.002745621141719 1.066845236640228 1.124995831162591 1.240175353662048
15 150 0.6195053496862316 1.3385490013416876 0.5272522669684755 0.5272522669684755 0.690129166621983 0.7730797146965103 0.8699062290574004 0.9423057097787126 0.984890428221565 1.0933539417715907 1.159373306392346 1.3385490013416876
16 160 0.650265008620169 1.3611267875371376 0.4901752110792498 0.4901752110792498 0.679701239827093 0.7485798789492998 0.8668666520316127 0.9512201774818432 0.9868648893701345 1.1194856947673009 1.166292587873668 1.3611267875371376
17 170 0.5677184311383131 1.3293811066675658 0.46704261691227195 0.46704261691227195 0.6993670851503885 0.7806598066842577 0.833635769264967 0.9416859263933415 1.0219284723839912 1.1262403748625576 1.1881140756065078 1.3293811066675658
18 180 0.520023803623496 1.3721798391113043 0.4362000087804266 0.4362000087804266 0.6739179549218445 0.7943505948573445 0.8130198080239197 0.9535713072233816 1.0115067941962383 1.1376084867614196 1.1789327949498574 1.3721798391113043
19 190 0.501607165883581 1.4028649549317478 0.42815179615149396 0.42815179615149396 0.6652677116509342 0.7453057299162313 0.8060031589282727 0.9588970006232986 1.0024831459784491 1.1252658462118874 1.1806446900269965 1.4028649549317478
20 200 0.507793167877313 1.4435681445961357 0.39112845226724613 0.39112845226724613 0.6562471417494371 0.7468794970551967 0.8254293562111515 0.9723567622896158 0.9953622030266677 1.1211979215568832 1.1863225432773288 1.4435681445961357
21 210 0.46386129231226836 1.5471557827117666 0.3811955011372478 0.3811955011372478 0.6388957442285864 0.7444542721355591 0.8118859415439738 0.916142438366926 0.9974851416168852 1.13199121361261 1.204351557169425 1.5471557827117666
22 220 0.45329757759506417 1.5336754837534887 0.3685167916795243 0.3685167916795243 0.6397676442493796 0.731188335873801 0.8217932495438417 0.905250374608972 0.9804607516958931 1.1251059535246721 1.1943039176453585 1.5336754837534887
23 230 0.43849194915115774 1.5714693913951745 0.35595577907507864 0.35595577907507864 0.626274382207011 0.7228835090758574 0.8364152745721829 0.9175736509722889 0.9903724561363532 1.0786117669903978 1.2312581138762786 1.5714693913951745
24 240 0.4571365321935193 1.5400400935211636 0.34662096341787973 0.34662096341787973 0.6431662785319728 0.7354418952095833 0.8258271594321339 0.873232251443858 0.9942362804583942 1.0647663442933102 1.2287535135942167 1.5400400935211636
25 250 0.43955688851512803 1.6304687414651298 0.3318417281365147 0.3318417281365147 0.6503435547195351 0.7417611760020294 0.8358951453904552 0.8592916208344794 0.987507261791741 1.0542388889903342 1.2418109771088515 1.6304687414651298
26 260 0.41862746437177173 1.7381344197515793 0.31782477337140225 0.31782477337140225 0.644203507266258 0.7221654774924249 0.8251553625251394 0.8493387162754504 0.9826928437305372 1.0563519600503166 1.2232854898768861 1.7381344197515793
27 270 0.4444072661449563 1.7007918067235102 0.30531191213887154 0.30531191213887154 0.6454803767522626 0.7078922387906849 0.7952845285673672 0.8481575442370778 0.9969897692745902 1.0603785864996051 1.1959485641514482 1.7007918067235102
28 280 0.4477257673811961 1.6856250276026448 0.2817994978692242 0.2817994978692242 0.6427439024173136 0.7276684841499927 0.788941876016 0.8385223438540205 1.003785412561087 1.0874226726517824 1.2497092219979034 1.6856250276026448
29 290 0.43459406785997395 1.700460564274629 0.2564560005878111 0.2564560005878111 0.6213700500249963 0.7537402940879975 0.785832804488106 0.8414294965037805 1.0291542717402449 1.0947928169980872 1.2693409088884442 1.700460564274629
30 300 0.4172200084488227 1.7412567288818288 0.2481446112096272 0.2481446112096272 0.6208492683735881 0.729709275541995 0.7688947090781765 0.83507119798505 1.0518025981097188 1.1077332632279222 1.2477429511908018 1.7412567288818288
31 310 0.3762134362745028 1.7619523233324779 0.23963537557838502 0.23963537557838502 0.6227752542049647 0.697103059146338 0.7705378991744855 0.8358734659439223 1.0518081802234311 1.0892812631149256 1.228688329917964 1.7619523233324779
32 320 0.3572149266554427 1.7290049063501496 0.22813925580691083 0.22813925580691083 0.6190247147389271 0.6962475246520912 0.7546823983619111 0.82600560921084 1.0417442548746993 1.0756833010631464 1.2229253958836965 1.7290049063501496
33 330 0.3396522250881238 1.7266922688119921 0.21487639585553628 0.21487639585553628 0.6241373564351863 0.6883191156252326 0.7434274355189137 0.804755871707654 1.038183700937424 1.1148522889002648 1.2082079664508565 1.7266922688119921
34 340 0.33298690742626413 1.6929103317420418 0.20253937473752173 0.20253937473752173 0.6226402905788947 0.6786799226751374 0.7420498651999413 0.7945933408377519 1.0241659411229347 1.1564105825085715 1.1938244242466536 1.6929103317420418
35 350 0.34431987128882113 1.6732517661814765 0.19139493592475143 0.19139493592475143 0.643272227095703 0.6880422593937496 0.7560953149720697 0.7789503456160146 1.014539041262641 1.1283921344240848 1.1882931240732315 1.6732517661814765
36 360 0.3123224835536548 1.6831568939369832 0.1897939525357375 0.1897939525357375 0.6578620811421835 0.6616809798024604 0.7253732376120218 0.7753614370942828 1.0253612631448954 1.1023052183420932 1.238968693254482 1.6831568939369832
37 370 0.2872487060390459 1.6552183418049373 0.18316267121234103 0.18316267121234103 0.6522160309158533 0.6578434732903237 0.7097925330276136 0.7776624351549017 0.995970752173102 1.1032572527978897 1.2576247440962771 1.6552183418049373
38 380 0.28025144438047794 1.669178738044165 0.1784742044568563 0.1784742044568563 0.6252960525023653 0.6517737357813359 0.696004045146748 0.7641787363054185 0.9807020035500127 1.1136358642528548 1.2556773589902894 1.669178738044165
39 390 0.28918281161497644 1.635594366474519 0.17440801235136413 0.17440801235136413 0.6169873809663232 0.6589915112654537 0.6855348528609644 0.7459126931672388 1.0102067526320875 1.095720851406758 1.269510599564793 1.635594366474519
40 400 0.2948595261895934 1.7397844500061348 0.1676406039041731 0.1676406039041731 0.6249710319703676 0.6715405674636518 0.6807377785555219 0.732959077355835 1.0061943774418893 1.0772281019516543 1.2660230813617175 1.7397844500061348
41 410 0.33171817548370075 1.8281067382782283 0.15202320746651596 0.15202320746651596 0.6179071012919497 0.6757455631880281 0.6968268669460452 0.7292625674485643 0.9931552277475466 1.0809448401302832 1.2705462687948814 1.8281067382782283
42 420 0.3469247999172766 2.0118044342317227 0.14509897060688468 0.14509897060688468 0.605985757630327 0.680067601041664 0.6952708338187471 0.7027834047709046 0.9933976700956734 1.1117036557681765 1.2864871883192897 2.0118044342317227
43 430 0.3949851869834495 2.075420315509349 0.1424071701738857 0.1424071701738857 0.6074202590092642 0.6645032160853984 0.676798406731494 0.7098461457584032 0.9428254987705299 1.1118135913960012 1.2969181201582447 2.075420315509349
44 440 0.41090107718599395 2.0931792619452696 0.14147127701839873 0.14147127701839873 0.5927918633168237 0.6437054411033013 0.6776479119925924 0.7225567062389481 0.9721370512121291 1.129620765993843 1.3572543685656555 2.0931792619452696
45 450 0.4066476442611714 2.0963181510368494 0.13288485713316184 0.13288485713316184 0.5779070848872047 0.6555992046695798 0.6965595129094644 0.7219198634374497 0.9840282205986676 1.1297719114829017 1.345512922444836 2.0963181510368494
46 460 0.40853748813446417 2.0163676377512654 0.13251316084223427 0.13251316084223427 0.5793320302967293 0.6537039595356674 0.6935315273749856 0.7272130530413808 1.010189020624157 1.1187085654092113 1.3131507613138946 2.0163676377512654
47 470 0.3902216203119866 2.01669795640808 0.13047472167976687 0.13047472167976687 0.5678715353133162 0.6394227351287736 0.6759751409051007 0.7055896158154499 1.0129022008391986 1.1229973137343674 1.3172313158102942 2.01669795640808
48 480 0.3709405011995893 2.0347789874573396 0.1211334175739571 0.1211334175739571 0.5631978757411495 0.6308649942228085 0.643654776025165 0.712470451885284 1.0000203280092645 1.121147667494668 1.363055363966558 2.0347789874573396
49 490 0.3802750461269539 1.992199618344979 0.11264970650650348 0.11264970650650348 0.5587947569253984 0.6079974553389276 0.6270156920618406 0.7091764834294361 0.9980389764466537 1.1385226130715782 1.4256866286917276 1.992199618344979
50 500 0.39122328966696884 2.06886265519961 0.10284593200034997 0.10284593200034997 0.5449672241327482 0.6063574443738845 0.6208557922970582 0.7073307142007849 0.9975704595455712 1.1730981878390339 1.474505659494395 2.06886265519961
51 510 0.3662215047004027 2.083672881231078 0.0989192233047683 0.0989192233047683 0.5234861167713322 0.5960198748595594 0.6395770709015697 0.741097493768476 0.9880697168758598 1.1846700055612636 1.4920285629176027 2.083672881231078
52 520 0.3369778760029268 2.0688231382991544 0.09529406362208612 0.09529406362208612 0.5168757962492884 0.5969256540868754 0.6392738565311908 0.7244415304961211 0.9736492411955745 1.1992726788421084 1.4853891335489908 2.0688231382991544
53 530 0.30512625742344623 2.0639810504134934 0.09587467280868842 0.09587467280868842 0.49405672704158154 0.5890003656178402 0.6241708734761868 0.7118840954170662 0.9658636921691297 1.229820014314375 1.4428605714895273 2.0639810504134934
54 540 0.27708762758689576 2.0524842434466524 0.09220992750505543 0.09220992750505543 0.47636176748973175 0.580105446187145 0.646454692804706 0.702444662712005 0.9517133507209607 1.2226119804245092 1.4279035168770406 2.0524842434466524
55 550 0.2989502229946168 2.0680437906682583 0.0904313071200967 0.0904313071200967 0.4642690721227899 0.5703638166652475 0.643082062193881 0.7105335885502632 0.9463278640415236 1.1896735333240698 1.3928321056443285 2.0680437906682583
56 560 0.3073022063208715 2.0514479863174446 0.0870424736569232 0.0870424736569232 0.45838319784700493 0.5608961689870449 0.6642317191560978 0.7483644190229617 0.9267834592829678 1.2293298984583623 1.3587357560331925 2.0514479863174446
57 570 0.3376980963571276 2.0425281725463296 0.07845676440721407 0.07845676440721407 0.4562124505692374 0.55510111141528 0.6502924665786047 0.7789921765011613 0.9245717616244026 1.2432157730104716 1.3639053778262629 2.0425281725463296
58 580 0.38103978863790605 2.0374700253938496 0.07434733337677168 0.07434733337677168 0.4472007619646931 0.5753160301039614 0.6636908244499328 0.7764551377580976 0.9703060183453753 1.2651021939543137 1.3658363297884415 2.0374700253938496
59 590 0.411323994441081 2.046569401981491 0.07126527628718463 0.07126527628718463 0.4297675438529304 0.5851816380581061 0.6662711592874633 0.7834367309000285 0.9858240092893499 1.2886500312720781 1.391691561631336 2.046569401981491
60 600 0.4550296969057865 2.1244719125868485 0.06842974659353991 0.06842974659353991 0.41318039298129017 0.5845013177798206 0.661507554492772 0.7863832772868387 0.9505805970104003 1.3354481790652204 1.4165182398561562 2.1244719125868485
61 610 0.45481687543403077 2.19737651778345 0.06543620937555619 0.06543620937555619 0.407629334370078 0.5632918847776319 0.6576936178445649 0.8133371596183722 0.9376330157632147 1.3491306773136182 1.4780707115265412 2.19737651778345
62 620 0.398147396106492 2.308813715485862 0.06261314532213598 0.06261314532213598 0.3888924310869909 0.5716590815539015 0.6581394579636887 0.7952542606321985 0.9420520424081653 1.3377247465690054 1.4545226843935302 2.308813715485862
63 630 0.3623371614522401 2.3233193308977027 0.06070466906268499 0.06070466906268499 0.36980021581117345 0.5719760065310934 0.6520769105721016 0.7800676436397901 0.9541354561981608 1.3452814235002248 1.4358638405076134 2.3233193308977027
64 640 0.32568198304655155 2.2812220603274898 0.05881931951083372 0.05881931951083372 0.36377681372581555 0.5720701053520731 0.6342282936100422 0.7706580167279492 0.9403189509007611 1.3373081504834017 1.4381135336787785 2.2812220603274898
65 650 0.2964044922218145 2.313644694149813 0.05698372987077963 0.05698372987077963 0.3405467545677417 0.5607770193330845 0.621718904342061 0.7700207646538574 0.9413110097350399 1.3552020297207255 1.4087724571427462 2.313644694149813
66 660 0.29555841804280536 2.354701047488758 0.05643627888773085 0.05643627888773085 0.32613996390769967 0.5347211245705996 0.6111783726433995 0.8168718206456403 0.9460333185669526 1.324799127626366 1.4031118824373032 2.354701047488758
67 670 0.2988407314754625 2.423800330551738 0.05230800474001605 0.05230800474001605 0.32520621627798885 0.5404961913805654 0.6187414786557887 0.8025686838566003 0.9623498168978534 1.327910792180392 1.4198161131921554 2.423800330551738
68 680 0.3187501682097311 2.445465548237801 0.05049657101301426 0.05049657101301426 0.32745333770489377 0.548391402811502 0.6263077316897938 0.7816635188678356 0.962236726953433 1.3066943942974785 1.3853838754515304 2.445465548237801
69 690 0.3514100021848575 2.4817507929639704 0.04818547806504269 0.04818547806504269 0.3190065528565974 0.5754284365078391 0.6288343357872821 0.7889195467373615 0.9847846174570708 1.2941091937117477 1.4007064966326024 2.4817507929639704
70 700 0.3153366626762258 2.5673150172499466 0.04620741770439474 0.04620741770439474 0.30899109980384615 0.6023908159445219 0.6387784145542057 0.7732508756405625 0.9664620745061548 1.2911406352874524 1.3723597608391342 2.5673150172499466
71 710 0.3042390222025197 2.6107346750635587 0.04528396742275464 0.04528396742275464 0.2956471339493651 0.5907979526174363 0.6392604683086297 0.7488240986060083 0.9436505039394225 1.2860829225080979 1.3711956908451084 2.6107346750635587
72 720 0.27571970536228324 2.675094202344346 0.042028526283946495 0.042028526283946495 0.2906807144200402 0.5910882891168151 0.6302239626911269 0.7625598406469115 0.9595341350766691 1.2598258022731332 1.3950478649264761 2.675094202344346
73 730 0.2652495887766488 2.5671442428750777 0.041092200067746 0.041092200067746 0.28830478785929575 0.5933811331690322 0.6268350570500837 0.7494866999929835 0.9367166415897331 1.2512450706820344 1.4054445915716884 2.5671442428750777
74 740 0.25062999287715604 2.5266779180089456 0.03855233816051895 0.03855233816051895 0.28024053025784423 0.5940860681272971 0.6131166874412532 0.7401107115280657 0.9298350784986755 1.305775726179137 1.4312280685759726 2.5266779180089456
75 750 0.2631248647573406 2.507575444571102 0.038009637823175235 0.038009637823175235 0.2760068890384975 0.5667358359515803 0.6264955217665598 0.7199187240293451 0.9583267171373341 1.29828477423923 1.4077688257400982 2.507575444571102
76 760 0.28415665260141354 2.5109906630935765 0.03578438230462677 0.03578438230462677 0.2732840253668194 0.5774606012042928 0.6266121693697456 0.7132822176095533 1.033799080311847 1.2471931135586865 1.4328304595471342 2.5109906630935765
77 770 0.2695892337226251 2.4669948016563 0.035307843448305336 0.035307843448305336 0.26464744861424544 0.5487660461839154 0.6199654391916782 0.709198798204944 1.085365457632316 1.3396769920070943 1.4530279865284728 2.4669948016563
78 780 0.24415513038216458 2.4433875031048276 0.03139368639596466 0.03139368639596466 0.2602584603549358 0.5453811998679508 0.6271688691344454 0.7098988653993784 1.0919001905135886 1.355939999789599 1.4877941345808243 2.4433875031048276
79 790 0.2318633938481499 2.4577097162986083 0.02867685149108852 0.02867685149108852 0.25726284261368565 0.5390261076394518 0.6194187706367212 0.708975087378314 1.103246183993322 1.3720344640478368 1.4408461667330223 2.4577097162986083
80 800 0.21206430301709014 2.4974956754507707 0.02724797330772226 0.02724797330772226 0.2508860195458496 0.5198300473227758 0.643953064108123 0.7034944174107516 1.091240548066152 1.4163084478662589 1.4226465386558496 2.4974956754507707
81 810 0.18753572982907 2.5580995962040336 0.02568488197051778 0.02568488197051778 0.23943491192055377 0.5170958823520916 0.6396398218978697 0.7029989177016707 1.0821135795486372 1.4077821530945782 1.4367441345858025 2.5580995962040336
82 820 0.18344443191658963 2.4810216420047935 0.024632018106029437 0.024632018106029437 0.23312694337068648 0.5199770348695677 0.6371015888999964 0.6810289498560149 1.0891497781020816 1.380357757567416 1.415003872539194 2.4810216420047935
83 830 0.1766679284349488 2.479132081521308 0.023583246198194362 0.023583246198194362 0.23170582943705653 0.5482668346529436 0.6306707190270134 0.6882254897060335 1.1043587578270249 1.3212658870816762 1.408976552449541 2.479132081521308
84 840 0.16784920492168953 2.4964588592134644 0.021674323697815197 0.021674323697815197 0.23182535206540109 0.5635121983352017 0.6219023147121471 0.6858978166033783 1.1328486779188522 1.3165517560768423 1.4035418435047375 2.4964588592134644
85 850 0.18073892799374008 2.488024181384357 0.020870911702045632 0.020870911702045632 0.22402733517123466 0.564424228111541 0.6200581488200363 0.6725302918839298 1.137605334718869 1.3033129945092452 1.4139196190682854 2.488024181384357
86 860 0.19878468642726058 2.504903271626188 0.02017614802512365 0.02017614802512365 0.22431298168388256 0.5582869115105025 0.6323643248961434 0.6784413805569179 1.099850139912967 1.3188233068497244 1.4236597976891299 2.504903271626188
87 870 0.19684350194663133 2.6945423236919024 0.019282112236096938 0.019282112236096938 0.2212107548165047 0.5468828790422507 0.6208014999961354 0.6807984542767346 1.1031072490743512 1.3570279434600585 1.4327604698365304 2.6945423236919024
88 880 0.1920688097340001 2.7133094029719556 0.018565109362752286 0.018565109362752286 0.2164723517096451 0.5223643511087844 0.6275582987378239 0.6812391773207138 1.0713332475690271 1.3502654830313616 1.4793405641724575 2.7133094029719556
89 890 0.19543212662837692 2.6842235611204166 0.017991306987638293 0.017991306987638293 0.20895849096805197 0.5226728801770676 0.63420110261678 0.6770171758601822 1.0718140339881386 1.3403350360759956 1.444625132996364 2.6842235611204166
90 900 0.20948799766859327 2.6360434036482423 0.0174732358877388 0.0174732358877388 0.19773798148605776 0.5181951678830562 0.6331523396340203 0.7128681958445535 1.0678157030171542 1.3337130022849748 1.508135587269561 2.6360434036482423
91 910 0.2081004836598125 2.7007901327236 0.016378774939755193 0.016378774939755193 0.19641441346520075 0.5235010691135663 0.6303705262542021 0.7050223182841984 1.0636310924188248 1.2873917860274675 1.5707849373093086 2.7007901327236
92 920 0.2109611361065783 2.625408788968387 0.016165587981608037 0.016165587981608037 0.18900581307672965 0.5280233280213636 0.6135041256976629 0.706375640025844 1.0400355667069283 1.2602438970847736 1.6710065187384167 2.625408788968387
93 930 0.23206178395668756 2.6706336392210757 0.015587570088550827 0.015587570088550827 0.18535366605259201 0.5177654351318308 0.6159710416684991 0.6848725991180665 1.026543105672386 1.2496677862225267 1.736627671558118 2.6706336392210757
94 940 0.2631158145068007 2.671237678141806 0.01490195779905043 0.01490195779905043 0.18212912396388314 0.5091328197712955 0.6179753499847312 0.6811644090989855 1.0289957599658732 1.2224250979528772 1.9138715335858822 2.671237678141806
95 950 0.314554827278209 2.6553716749385283 0.014606926810325714 0.014606926810325714 0.17911774126683486 0.5015739523422855 0.6169263887475385 0.6675793218155665 1.0493292432174286 1.2373233606839942 2.015363505580714 2.6553716749385283
96 960 0.33017543538284505 2.6883406102565086 0.014361667626984275 0.014361667626984275 0.17329099873496426 0.4955672694162467 0.6024640129193284 0.6706186761015479 1.0689222929658173 1.2637806228347968 2.144343977061943 2.6883406102565086
97 970 0.321150745330165 2.681950486634923 0.013944774553033359 0.013944774553033359 0.16912596042048147 0.5015035257124573 0.6102123572619282 0.6481106292562896 1.1086859682765848 1.28888266528418 2.1290517539287515 2.681950486634923
98 980 0.315453580485497 2.728660355483057 0.013602211458525505 0.013602211458525505 0.15763619541630186 0.49369450184066926 0.6077149844804072 0.6822348806425209 1.093439332591885 1.310912031611254 2.124076727608252 2.728660355483057
99 990 0.3080741890842955 2.7138992249319913 0.013408033994189458 0.013408033994189458 0.14905143001744708 0.49152460771114725 0.6120798274867957 0.7001555673054822 1.0795844590569583 1.3183402560648148 2.1162365704634034 2.7138992249319913
100 1000 0.31145066663305265 2.7111187820151286 0.013077052133492889 0.013077052133492889 0.1453503028110785 0.48064202512386417 0.5873975648368994 0.7008407618537311 1.0691505323615442 1.340075185220746 2.1090060330651967 2.7111187820151286
101 1010 0.3700104348837607 2.686103190942059 0.0124326815379658 0.0124326815379658 0.1436109568013104 0.46705579200592656 0.6223052159593829 0.6952687792792145 1.0667810107540598 1.3683983647135152 2.160609774000277 2.686103190942059
102 1020 0.3935086230667836 2.70022771326533 0.012206402205027903 0.012206402205027903 0.13337646715006676 0.46879128706380285 0.6207191374278237 0.7097370720150461 1.1102992562970677 1.415713700961725 2.1906201656783355 2.70022771326533
103 1030 0.4103637430172677 2.718216069328554 0.011854067927567082 0.011854067927567082 0.1250549840643769 0.4771784861991119 0.6122121966864972 0.6957032608948586 1.120272892888427 1.3896350040099534 2.2169991357676557 2.718216069328554
104 1040 0.42418508361801843 2.7421094831846333 0.011469384684486267 0.011469384684486267 0.11788062256523131 0.4676937869398067 0.6332865308763825 0.6808181413112381 1.1298327977537934 1.3723249448840145 2.2735626926321695 2.7421094831846333
105 1050 0.4192187751171063 2.7454766788683256 0.01115774777982521 0.01115774777982521 0.11286170021200358 0.46510506392762996 0.6390804467718606 0.6963491504680018 1.1177764662253495 1.3572455952015106 2.2838907856350996 2.7454766788683256
106 1060 0.3825036648901546 2.767647313449096 0.010834451639321932 0.010834451639321932 0.10868407816803248 0.4889967764447853 0.6386132604367419 0.6876643369679142 1.0984734030467016 1.3356122425453738 2.263400907862093 2.767647313449096
107 1070 0.36744000467232957 2.7891403362175384 0.010593619291159175 0.010593619291159175 0.10705052489786113 0.48657859225386013 0.6167979440696377 0.674242374385923 1.0947149369713833 1.3116152192090842 2.27790205811276 2.7891403362175384
108 1080 0.34603446324631115 2.8185370135716923 0.009972403297034945 0.009972403297034945 0.10816850311207761 0.47624831524647654 0.6024883928012144 0.6577575024074833 1.1190375722769128 1.30699456833808 2.2692905096398754 2.8185370135716923
109 1090 0.33299785290783485 2.814471497133744 0.009610827908155192 0.009610827908155192 0.10186602313392426 0.4777736614525737 0.6099911874799705 0.6767551553746775 1.0979784783328401 1.3094876094511465 2.238284347482324 2.814471497133744
110 1100 0.33027930227976593 2.8146976368874483 0.009421238944967806 0.009421238944967806 0.0968133967050752 0.47966472461408965 0.5944773986735371 0.6736368642688845 1.0958570939726413 1.315051444673045 2.230266423178779 2.8146976368874483
111 1110 0.33188368472583124 2.787159265316531 0.009303606215887703 0.009303606215887703 0.09247138093557325 0.4949865769118253 0.5891166207084778 0.6668719662938226 1.0796875305250837 1.3310315050284103 2.234230088355012 2.787159265316531
112 1120 0.33164601644947983 2.6924258456563925 0.00914170525754861 0.00914170525754861 0.09106976688688509 0.49933787114579953 0.580361493001369 0.6620457004865081 1.1051615890121622 1.353940681440604 2.2118633827815897 2.6924258456563925
113 1130 0.29390735211233165 2.5901560062828164 0.008685892938416333 0.008685892938416333 0.08858480258408179 0.4987325259166237 0.591045475058178 0.6666451142001694 1.1062610355027562 1.3698159273211985 2.1881436822498497 2.5901560062828164
114 1140 0.2552893674629024 2.606722414055106 0.008466476935943636 0.008466476935943636 0.08239342376265983 0.49835551395438055 0.5923895555531007 0.6380516291989762 1.1280507707986296 1.3835016981798995 2.1638186303309777 2.606722414055106
115 1150 0.23425432091210202 2.6000025438607532 0.008190921396967575 0.008190921396967575 0.0784952980751384 0.4901210154387713 0.5766899838120855 0.6257283443140356 1.1401750946256575 1.406970229600116 2.1404474217883744 2.6000025438607532
116 1160 0.21309719913027123 2.5372008300148656 0.007887816904230944 0.007887816904230944 0.07733189748075474 0.48979613840009506 0.5736946294789571 0.6280063054957665 1.1369834755144312 1.3994941634167812 2.108939091092376 2.5372008300148656
117 1170 0.19779183403927728 2.549219674621547 0.007749774507491088 0.007749774507491088 0.07321720218709919 0.49188603029680517 0.5716117416689442 0.6226117582148486 1.126479551970352 1.3689550657279326 2.150607552014823 2.549219674621547
118 1180 0.18408304262319702 2.527624042331318 0.0073740125077035295 0.0073740125077035295 0.07232863991868792 0.46668850892622876 0.5718819495055527 0.6352973791301472 1.1157593083283563 1.3721515246582991 2.130477355791335 2.527624042331318
119 1190 0.17487309583584923 2.4932413406235976 0.007137890057799573 0.007137890057799573 0.06853883909206827 0.46759924365224703 0.5789678607641047 0.6360398664959898 1.1186438141787731 1.3736395010771518 2.1301746897608496 2.4932413406235976
120 1200 0.15947151869507656 2.504714538272447 0.007053732454640928 0.007053732454640928 0.06483964728819451 0.46191928086203454 0.5775724565736853 0.635937414642036 1.0835755276453194 1.3824401538501099 2.137121727160918 2.504714538272447
121 1210 0.1519905065430503 2.4925415225836214 0.006803519421539985 0.006803519421539985 0.0633114882252925 0.4591217415804445 0.5717905678148022 0.6292629645894343 1.0630497050366357 1.3782520108079137 2.159979651540778 2.4925415225836214
122 1220 0.1368499534422548 2.45857146707241 0.006346738230017183 0.006346738230017183 0.06305509492011692 0.4540542110609341 0.5589300120345629 0.6573695495641024 1.0596572229085022 1.3818034400598933 2.1406581861021468 2.45857146707241
123 1230 0.12044605025452035 2.4702107123535115 0.005951981914252966 0.005951981914252966 0.06137239623755236 0.4506447589154631 0.549584999963441 0.6426523667672809 1.0504816485601538 1.3946117817128842 2.1437421382015907 2.4702107123535115
124 1240 0.10596365491897511 2.45334595465274 0.005837695772976772 0.005837695772976772 0.0605703166290143 0.44555222734003125 0.5454837302328804 0.6247581609172431 1.0558223104684763 1.3926238021078543 2.165163466472902 2.45334595465274
125 1250 0.09838710374178161 2.442646450692825 0.005571328393664608 0.005571328393664608 0.05999342872487048 0.4376007729832678 0.5449791241081687 0.6221737725804953 1.0548830229823682 1.3705429060651335 2.140643441581118 2.442646450692825
126 1260 0.09696867488588627 2.4285657943622136 0.005292156020556274 0.005292156020556274 0.057595730907768504 0.4245514062666102 0.5789334646439424 0.6161240664834241 1.0556232348968562 1.3797785339237416 2.1040370216365383 2.4285657943622136
127 1270 0.08577837411982965 2.5296891708717943 0.005198623019745287 0.005198623019745287 0.05466981679331857 0.4219888788693199 0.6018321118878631 0.6136645805697762 1.027780150668261 1.3660597657447546 2.11011995734886 2.5296891708717943
128 1280 0.07887940118123261 2.519548773650421 0.005065645126986076 0.005065645126986076 0.053265815312615664 0.42070363153327023 0.5912937378393823 0.5990965914362851 1.0073795120107945 1.346182275615921 2.118013412810187 2.519548773650421
129 1290 0.07093841434192934 2.575936018759239 0.004855733863340621 0.004855733863340621 0.05228352057538754 0.4145288619319507 0.5758903292162287 0.6069450957271675 1.0103092388309027 1.342575649856577 2.0792271416662 2.575936018759239
130 1300 0.06661833486749309 2.595192241220024 0.004752808599114987 0.004752808599114987 0.04995534067640663 0.4157217334235752 0.57947295023252 0.599538315940822 0.997441576913696 1.3337881831900542 1.9843762204216995 2.595192241220024
131 1310 0.06802231632909721 2.5555602778878743 0.0046506122974882096 0.0046506122974882096 0.04797051334132458 0.41340224956365856 0.5679478682869872 0.6075493797791288 0.9902400457950868 1.328494625467349 1.973764606736325 2.5555602778878743
132 1320 0.07459747533164979 2.5645054222342494 0.004601716318718946 0.004601716318718946 0.046547264917452286 0.41521504486177274 0.5630843686825342 0.5929189601754614 0.9917004473963096 1.3485210300540333 2.044065938531524 2.5645054222342494
133 1330 0.08151535744356966 2.7121859149257763 0.0043239388378457505 0.0043239388378457505 0.04610424552330651 0.411873515897108 0.5589460577090879 0.6270222744408561 0.9985535261149304 1.339844467021845 2.044463012613533 2.7121859149257763
134 1340 0.08775659330443601 2.7369420247137732 0.004185138812144242 0.004185138812144242 0.045456681810485976 0.4172573245677121 0.5530797150393952 0.6568863274967743 1.008654815918723 1.3356249637683622 2.005481333987597 2.7369420247137732
135 1350 0.08323409699253556 2.8065577693815014 0.0040268554197596855 0.0040268554197596855 0.04315775913106646 0.4206468737814807 0.555051793539066 0.6645304455405441 0.9954524426589472 1.3393405407003307 2.0061019851859707 2.8065577693815014
136 1360 0.08066998506503736 2.803934400491946 0.0038067523021058734 0.0038067523021058734 0.04210391460425595 0.417862279431829 0.5445605225283294 0.6706064669703877 1.0095142297947624 1.2985848312688637 2.034004218127294 2.803934400491946
137 1370 0.08298221195494213 2.76513615216941 0.0037071368132565994 0.0037071368132565994 0.04121715436041406 0.4108805222868003 0.5503304694817625 0.6735604548190308 1.0156300017255013 1.3012028744138728 1.9924056220007467 2.76513615216941
138 1380 0.08526183367296437 2.7454894642745478 0.0035818641422054177 0.0035818641422054177 0.04053737344156843 0.4071168934903424 0.5415392618169138 0.6554256015644364 1.0440333583414891 1.351404178437945 1.9685736290983284 2.7454894642745478
139 1390 0.08268663501227577 2.7295957361887604 0.0035681982122310525 0.0035681982122310525 0.03833206459714344 0.4031872832175286 0.5514273108876557 0.6555253244393063 1.039934127132047 1.3888693430520993 1.9291812168627707 2.7295957361887604
140 1400 0.08139424541664814 2.6924489089164343 0.003419423780473384 0.003419423780473384 0.03720049476302522 0.4100210822056187 0.5513608668454608 0.6375673778063741 1.0592709685410149 1.399860632916936 1.9115729281354326 2.6924489089164343
141 1410 0.07520219550627188 2.734952840354201 0.0033273125549132393 0.0033273125549132393 0.03615018822221528 0.4013988488809843 0.5374940292913677 0.621880730447824 1.0915607345789284 1.370329541023261 1.9113346708727006 2.734952840354201
142 1420 0.07545067864325972 2.7847327401658992 0.0032026513214356454 0.0032026513214356454 0.03510177867683693 0.4007463370407058 0.5369638633686424 0.6239160458496807 1.094256264268223 1.3492297630393038 1.8442753691947353 2.7847327401658992
143 1430 0.07051339563521618 2.764356074519066 0.00314849149072372 0.00314849149072372 0.03338621302756932 0.40220839310752804 0.5478961945399115 0.6316845988934626 1.0599922627407923 1.3614076284486645 1.9187141219247297 2.764356074519066
144 1440 0.06670216078156116 2.737102666609159 0.002991979909044225 0.002991979909044225 0.03330090661812098 0.4002677190393445 0.5507817136856473 0.6293133254925934 1.0707580752911952 1.3227848204331234 1.87708771098293 2.737102666609159
145 1450 0.0743004812305409 2.7072768651078816 0.0029266560681696033 0.0029266560681696033 0.032605959083000374 0.40222245671028367 0.5534880291834909 0.6170181912732543 1.0748208093965708 1.2451436087221246 1.9816849144155972 2.7072768651078816
146 1460 0.08518562366282728 2.7247738069942207 0.003010804955588785 0.003010804955588785 0.030024261371089215 0.3982568159803897 0.542030014014316 0.6207838408254062 1.046212790579673 1.2213336734231786 2.2839967812659028 2.7247738069942207
147 1470 0.09132633185890217 2.947392680185977 0.0030185639236151173 0.0030185639236151173 0.02798067738522041 0.3998798801515428 0.5339400336346201 0.6201476864994695 1.003815631035232 1.2106398946105326 2.3926432775274153 2.947392680185977
148 1480 0.0897495895004542 3.028565463019917 0.0028282248345329795 0.0028282248345329795 0.027019193415733674 0.4045988411735241 0.53397014071605 0.6141313753235909 1.0089201533969274 1.2162769051150073 2.3684594996215522 3.028565463019917
149 1490 0.09395036043191793 3.0424578670812674 0.0027377614733339523 0.0027377614733339523 0.02661577986491012 0.39871570765866565 0.5397114994486276 0.6137703225661374 1.0052954653497221 1.1932514099984612 2.2878812058426488 3.0424578670812674
150 1500 0.09362619526396981 3.179450469177484 0.002700139863297075 0.002700139863297075 0.02589423956874183 0.39664913620565956 0.5242540660745736 0.6033091415090754 0.9924698097981991 1.2435263715267746 2.3244818930516336 3.179450469177484
151 1510 0.09333851311893225 3.2618756756580147 0.0026098010653763 0.0026098010653763 0.025277102635403968 0.39023569341269704 0.5195498428238404 0.6057654208045155 0.9662932489407081 1.245618995337294 2.3392562534962598 3.2618756756580147
152 1520 0.0846892409511776 3.303697090662256 0.0025741975253759757 0.0025741975253759757 0.02436593921717774 0.38547138317598556 0.525595394397677 0.6072647553878346 0.9408816767103166 1.2781814031015521 2.283971418140389 3.303697090662256
153 1530 0.08367863185411144 3.2316807761147666 0.002576176010450328 0.002576176010450328 0.02353114124594072 0.38311301164339273 0.5169726921346235 0.6075291164297247 0.8975040160283417 1.279025464102297 2.257609500511161 3.2316807761147666
154 1540 0.09062044118645604 3.2046631296284533 0.0025540688420782826 0.0025540688420782826 0.022212336393579248 0.3832958981137236 0.5160824980118599 0.6502969152814067 0.8925052792982534 1.2387287967962857 2.2447621987373525 3.2046631296284533
155 1550 0.09612256303720904 3.20631027405259 0.0025400540168778333 0.0025400540168778333 0.021399896171644867 0.38943239657288503 0.5117242563574307 0.6531127888588154 0.8957755424088429 1.250496270470419 2.3446139307063087 3.20631027405259
156 1560 0.09436254619724176 3.305049155086815 0.002487041758995543 0.002487041758995543 0.020299788066602556 0.3806977658853128 0.5278057527329675 0.661557016162666 0.8857590513180255 1.2366612963632282 2.3652185705998052 3.305049155086815
157 1570 0.08992719724656233 3.267835500868834 0.002352293599083653 0.002352293599083653 0.020317543207300604 0.37242615549590913 0.527242603333866 0.6574938454488662 0.8820699705669013 1.2869074238112286 2.311440478853381 3.267835500868834
158 1580 0.08722079698422039 3.320421434603664 0.0022106677457932114 0.0022106677457932114 0.020001113727129382 0.37446175813206545 0.5234751192158652 0.6577722647893333 0.8794490648713413 1.2625191802121711 2.305720553034697 3.320421434603664
159 1590 0.08406776826074229 3.315341946675103 0.0021984760036271238 0.0021984760036271238 0.019461333709564738 0.37408082563965056 0.5067785378871286 0.6598257521479971 0.8689598799665226 1.2457912323979716 2.2768343247007756 3.315341946675103
160 1600 0.08629495580767205 3.239194126142058 0.002115409991126187 0.002115409991126187 0.019091589319366064 0.37509374202848406 0.5070987242308829 0.6631730946238786 0.8783605363228496 1.2284474405082868 2.2526286734908454 3.239194126142058
161 1610 0.08104354024933595 3.259682731914109 0.0020853569875688414 0.0020853569875688414 0.01811360549767096 0.36940800438496163 0.497335002891837 0.697730677911525 0.919907824441721 1.2371512835778247 2.223641161460638 3.259682731914109
162 1620 0.07838838880673762 3.2759284275414045 0.0019508385039237576 0.0019508385039237576 0.01762839215358929 0.3707202463218311 0.48999774398322404 0.7019669140163755 0.8994805650605339 1.243799619210329 2.244893591921164 3.2759284275414045
163 1630 0.0714139530831963 3.2334129419400757 0.0018753309064682823 0.0018753309064682823 0.016953098234152985 0.3609325471772985 0.4841849293613388 0.7116448357973567 0.8965269295783496 1.2445825448190382 2.270819434762455 3.2334129419400757
164 1640 0.06850733770134798 3.2146485084201393 0.0017417746211696736 0.0017417746211696736 0.016505085969721958 0.36174358063947026 0.47512005037992533 0.7191994762630954 0.8971775476713828 1.2590890883228256 2.236139317964515 3.2146485084201393
165 1650 0.05989255476059231 3.225153867420141 0.001680734391647726 0.001680734391647726 0.016321416580314926 0.34774616796364005 0.47278801767209233 0.712302655613741 0.9518091836664491 1.2544968667286558 2.1508469676324906 3.225153867420141
166 1660 0.05326264929142902 3.1956093606122358 0.001657350178705707 0.001657350178705707 0.01556733927062617 0.34561179545957743 0.47541091099281096 0.7039886935211053 0.9594193555177665 1.2557341174482584 2.114678734845972 3.1956093606122358
167 1670 0.05025529763281575 3.036346308766986 0.0016104652262823856 0.0016104652262823856 0.015551458264466928 0.3448452749641804 0.47222724169318503 0.7148223505001963 0.9629810171336146 1.2506008127012023 2.089820591659513 3.036346308766986
168 1680 0.04837162082431033 2.9601886452633543 0.0015150071312334118 0.0015150071312334118 0.015006018276475543 0.34388470772606106 0.47581988880356285 0.714604168256789 0.9621196244799011 1.2441346305043366 2.1638883345994575 2.9601886452633543
169 1690 0.045282559045947156 2.946900312103931 0.001448260707915643 0.001448260707915643 0.015102179178073204 0.34372877041867983 0.469714239982961 0.7028613754842794 0.9481885193750053 1.2151798509696667 2.178038272942729 2.946900312103931
170 1700 0.04394421769472992 2.9964743343884734 0.0014031130272302624 0.0014031130272302624 0.014741512890083778 0.3413076454794992 0.45987792267875377 0.6797265135015986 0.9482545647174985 1.2171586142484505 2.1996137028421976 2.9964743343884734
171 1710 0.040459971559483505 3.078812208256035 0.0013674396040911816 0.0013674396040911816 0.014503639533779915 0.33291251943588274 0.4474793148658832 0.6886786714354586 0.958734995857524 1.2388854661720505 2.156510318920903 3.078812208256035
172 1720 0.03647624186802082 3.175701246928681 0.00134653234045885 0.00134653234045885 0.014249885262775472 0.3321811046411655 0.45066061327487167 0.6691131107331523 0.9355650705548096 1.23028036749746 2.0259680268398803 3.175701246928681
173 1730 0.0355503687261244 3.152851505616894 0.0013394181298683958 0.0013394181298683958 0.013725758249026063 0.32965400873466755 0.45069606828162867 0.6484397742953222 0.9587365170801423 1.2419802805515123 1.9905640100744644 3.152851505616894
174 1740 0.036321941091912516 3.2003971372131312 0.0013164956498905882 0.0013164956498905882 0.013188804813188397 0.33041752542709424 0.45121607252320944 0.6243729888450357 0.9476079502925524 1.2245024111706382 2.044345523825734 3.2003971372131312
175 1750 0.03453194935990229 3.1559152973935243 0.001293159056854901 0.001293159056854901 0.012891837770403968 0.33797640684843133 0.4497478864455202 0.6251662526938172 0.951914669030505 1.2325676031256223 2.0286771054816364 3.1559152973935243
176 1760 0.03287294510391863 3.159840617387218 0.0013005657349066686 0.0013005657349066686 0.012235009393071521 0.3437097088508115 0.4244968134389386 0.6211881813485783 0.950738544553574 1.2349561200143693 2.0385889767506327 3.159840617387218
177 1770 0.029365946348701485 3.1347464572251615 0.001294827579511959 0.001294827579511959 0.01183954085994559 0.3464193648417069 0.42875550853586575 0.603169684078773 0.935477501490386 1.255139840695714 2.0078950932470154 3.1347464572251615
178 1780 0.026008746666453017 3.122651505006757 0.0012612775558640636 0.0012612775558640636 0.011688336106961848 0.3558775776408644 0.4363216882870859 0.5796482626371714 0.933461398165716 1.255642536358679 1.9982115396314701 3.122651505006757
179 1790 0.023571569949674468 3.0426232369789807 0.0012410891737230465 0.0012410891737230465 0.01150533132540779 0.35301530531280034 0.4361207396372056 0.582339676158317 0.939684123403687 1.1673306433443726 1.9745311331296993 3.0426232369789807
180 1800 0.02170734970114685 2.9823995627513 0.0011988910433310455 0.0011988910433310455 0.011465235529348425 0.35278790160396917 0.4395333394094775 0.5799472447820466 0.9436165601333786 1.1167466332389095 1.97432349492501 2.9823995627513
181 1810 0.019736941545597526 3.0179101140181674 0.0011824289540979225 0.0011824289540979225 0.010544755090894972 0.3552884510883437 0.42843757539818644 0.5882174777176424 0.951531727319584 1.111145725130344 1.956154583971409 3.0179101140181674
182 1820 0.01784215713886568 3.0191038446103518 0.0011741641960584092 0.0011741641960584092 0.009893355035701781 0.3562303362826767 0.4303804844511132 0.589956396902906 0.9541686285644151 1.1056504311185027 1.9261873658172954 3.0191038446103518
183 1830 0.01670818567230907 2.9946658331650284 0.0011499582160268906 0.0011499582160268906 0.009314943396097343 0.3567837917537148 0.420303224818678 0.5941722046925851 0.957131603067038 1.105727148741095 1.8975359493960193 2.9946658331650284
184 1840 0.015587371375049138 3.0489759380385766 0.0011137281843309804 0.0011137281843309804 0.009151605698572705 0.35326919310746435 0.4201991199520038 0.5885768700416271 0.9601956783822576 1.061078489301966 1.890923440355282 3.0489759380385766
185 1850 0.015460020735041081 3.1937612284062773 0.001074447318721212 0.001074447318721212 0.009019692911964387 0.3541078136637617 0.39784646031788984 0.584775740890415 0.945177321213008 1.0404345262302799 1.881871239236311 3.1937612284062773
186 1860 0.01653360242257857 3.2008910067330434 0.001061850049571832 0.001061850049571832 0.008871193981354625 0.3521576095548218 0.3986089757742642 0.586169574337758 0.9436836543411525 0.9988414063611641 1.899925830305481 3.2008910067330434
187 1870 0.016089972721641824 3.2051124999364458 0.0010240446984553235 0.0010240446984553235 0.008720674761272437 0.3498280806049186 0.41349549842575056 0.5917310374688873 0.9321258393207832 0.9755890219926464 1.891531144179609 3.2051124999364458
188 1880 0.016917570386305494 3.2745507969538674 0.0009606742473324202 0.0009606742473324202 0.008761306174417336 0.3444785871406845 0.4172442032384934 0.5913344150078785 0.9283822206367759 0.9837586995054495 1.9057735066207844 3.2745507969538674
189 1890 0.017596092852219105 3.404884565025084 0.0009315420051002691 0.0009315420051002691 0.008406227685721647 0.34357927805248023 0.41885478072289184 0.5874026557933784 0.9117183025263724 1.0725725616702704 1.8903086000609728 3.404884565025084
190 1900 0.018368736746485117 3.51363800146489 0.0009035929148246701 0.0009035929148246701 0.0080894848111113 0.34402526548064416 0.42893982261187397 0.5660831419858577 0.9368954820260313 1.0826445705470704 1.856941426384843 3.51363800146489
191 1910 0.02034501747494038 3.5145537012813644 0.0009048362507704473 0.0009048362507704473 0.008048698447455238 0.343797831185224 0.42039707790668485 0.5654375534368218 0.9316201087603815 1.0888146597533641 1.8327976737481364 3.5145537012813644
192 1920 0.020500251764513512 3.565211244107759 0.0008681340166182256 0.0008681340166182256 0.007848570407790802 0.3630987273770303 0.42895506195903366 0.5522576506030091 0.9116820127588494 1.1490360975721337 1.9116307080939874 3.565211244107759
193 1930 0.020174404150345333 3.567671183687724 0.0008664471948051286 0.0008664471948051286 0.00726447880332037 0.36460278974032223 0.4150792377380687 0.5397111681656718 0.8986825791685669 1.1806525694279553 1.9347046405499508 3.567671183687724
194 1940 0.020001767465745286 3.592941472887922 0.0008517510400156368 0.0008517510400156368 0.00701532847610224 0.37055513822619496 0.40469789957203 0.5390749344547144 0.8802192956159365 1.1771658910773524 1.9525699871898012 3.592941472887922
195 1950 0.01886698336730289 3.619155475764375 0.0008463455056058907 0.0008463455056058907 0.006454350681317071 0.38155000583646653 0.4044628025264568 0.5380365114452869 0.8544901539267624 1.2084798272125352 1.9713417380608032 3.619155475764375
196 1960 0.01722094857295507 3.67755641871516 0.0007991556626597221 0.0007991556626597221 0.006440153071483507 0.37744977805995555 0.4026890275670042 0.5306719286675277 0.8593267121036358 1.1791032412618703 1.957536951196797 3.67755641871516
197 1970 0.015815005820112457 3.630462158539723 0.0007870751665434877 0.0007870751665434877 0.006471471753180831 0.3811512773087219 0.4032947307052987 0.49896865779541294 0.8593999243714897 1.1503602256651952 1.9640478520268994 3.630462158539723
198 1980 0.015488930725883199 3.634081633066724 0.0007760676930056296 0.0007760676930056296 0.005979727203115095 0.3786298254928074 0.40399600457269746 0.5010519482767795 0.8232735204282986 1.1711789691072079 1.961021594612865 3.634081633066724
199 1990 0.015048885681811973 3.567839571375646 0.0007621584122125388 0.0007621584122125388 0.005806556094744659 0.3738179181723576 0.4036679876348925 0.5158123287154309 0.8369085406779686 1.1595784259234274 1.8981497703202277 3.567839571375646
200 2000 0.015091918729635787 3.70587362497285 0.0007653475385122765 0.0007653475385122765 0.005628970137746888 0.36963275108497484 0.40389877749253456 0.5046633902007799 0.8181853503868428 1.1543953193721175 1.9178080004889018 3.70587362497285
201 2010 0.015152924312721095 3.7212234460129032 0.0007416769435830163 0.0007416769435830163 0.005628371381074979 0.38167811905753257 0.39645154742878774 0.49426481999181743 0.7789626677829605 1.1416630949712425 1.9367300097970137 3.7212234460129032
202 2020 0.015315481634862146 3.789307181909221 0.0007236734661335359 0.0007236734661335359 0.005202388827924353 0.3793097862680268 0.3934288719166091 0.4995117113096781 0.8009297560922223 1.1610578543475398 1.9709665008344013 3.789307181909221
203 2030 0.014805455761782257 3.932260053951911 0.0007239942629182735 0.0007239942629182735 0.005150431986080266 0.36677543498677734 0.39257976938610634 0.4882623630423661 0.803828805223042 1.1505984863359164 2.011264260629091 3.932260053951911
204 2040 0.01711966365300013 3.9615937735027407 0.0007004243006376692 0.0007004243006376692 0.005063819615313663 0.36609321619999663 0.3957923803209385 0.494186689531792 0.7862964083900793 1.152760810540571 1.9573971163175146 3.9615937735027407
205 2050 0.017358709066356198 4.398659912555466 0.0006936613558977042 0.0006936613558977042 0.004973645919941514 0.35774297676651406 0.41036767759987264 0.4741796284425746 0.803473166536775 1.1148002740468377 1.9516815246899064 4.398659912555466
206 2060 0.017747560501632054 4.422369126613148 0.0006421752759856007 0.0006421752759856007 0.004874654944317067 0.3545879934296684 0.4172037259254954 0.4736256862199027 0.8091380158899522 1.1075991093680717 1.9341512796107472 4.422369126613148
207 2070 0.0201331895217954 4.537541379821032 0.0006308319796747943 0.0006308319796747943 0.004801177575879259 0.35150855054813235 0.41725702351912514 0.47615438166601026 0.7909233779834717 1.091643552754019 1.8700860124099763 4.537541379821032
208 2080 0.02249473132898453 4.888533278735248 0.00062699319541496 0.00062699319541496 0.004666740310655201 0.35131099123100784 0.4105996719123322 0.46840782380345286 0.7746218564709888 1.1310417376889454 1.871397197024415 4.888533278735248
209 2090 0.021253729312428436 5.21797505386513 0.0006152875764290737 0.0006152875764290737 0.004448782442344384 0.3542518238638511 0.4179858015781525 0.4648297388446279 0.7714657320317002 1.1215861387280053 1.8759968592908938 5.21797505386513
210 2100 0.022013281311153755 5.306182166870009 0.0006011721580134728 0.0006011721580134728 0.00435363016144342 0.3556252501195175 0.39437337607325085 0.45955451263782704 0.7744380500875678 1.1644134047761012 1.8381640273465405 5.306182166870009
211 2110 0.023128150368826223 5.515031781940441 0.0005861195114445737 0.0005861195114445737 0.004330196496585464 0.3501383474071078 0.3710425145057899 0.46721509398771555 0.7934170484934161 1.1507077624734097 1.8474990961858857 5.515031781940441
212 2120 0.023720488753522926 5.814251530292598 0.0005784890217806895 0.0005784890217806895 0.004073263201249086 0.3435584809007935 0.3713953507838134 0.46250514812763777 0.7955978716537001 1.1793687152119108 1.8246188487524577 5.814251530292598
213 2130 0.022891429908596005 6.1061074174528605 0.0005717733038794894 0.0005717733038794894 0.00397360658326243 0.33102749468942344 0.36575575470964444 0.46291132967795134 0.796966933953093 1.1538667972179015 1.8116014819013169 6.1061074174528605
214 2140 0.025170116550323758 6.154720846161191 0.0005609879046023925 0.0005609879046023925 0.0037059842893784932 0.3299945417050572 0.3547167401547006 0.457322397105704 0.7955074467654033 1.1675752251335254 1.8583218392857488 6.154720846161191
215 2150 0.027283237389720657 6.495597199421659 0.0005594233672840374 0.0005594233672840374 0.003602167952536357 0.3379407976448114 0.3463763808389652 0.4409904944638593 0.7896473306029165 1.1977181284493046 1.879866527915713 6.495597199421659
216 2160 0.028371663609058316 6.662739850300745 0.0005396033493853783 0.0005396033493853783 0.003618426799888151 0.33305512929545517 0.3463494809055336 0.43317483236788035 0.7825947040702429 1.185650387742696 1.9324955713234573 6.662739850300745
217 2170 0.0269590155645629 6.870131047946248 0.0005246804777306371 0.0005246804777306371 0.00355878376145369 0.32396923976981357 0.3412713150958683 0.42667964536754177 0.7852020168812202 1.1342421047760938 2.0054591301798177 6.870131047946248
218 2180 0.026712284158944676 6.824221990645123 0.0004910275460665182 0.0004910275460665182 0.0035387797417326225 0.3258585404420525 0.33734912018288704 0.4254437183461695 0.7744036663439495 1.0972929548943264 2.0124238140038906 6.824221990645123
219 2190 0.025413222606396578 6.654337408135825 0.0004843670831931719 0.0004843670831931719 0.00337114640565389 0.3249376027932016 0.3490285239795895 0.4228059315056645 0.7816157308163965 1.0911696293314659 2.0140333226756977 6.654337408135825
220 2200 0.026486083774027527 6.661832515080745 0.0004719919192337646 0.0004719919192337646 0.0033517482901231576 0.32763988705526564 0.3514137397539243 0.4101066983303464 0.771794869579725 1.0791192115421357 2.0390031221186753 6.661832515080745
221 2210 0.029723268188111922 6.610154557404354 0.0004497467410347222 0.0004497467410347222 0.003238151913305093 0.32919933485827596 0.3528778266021806 0.4148862795920428 0.7831656027172328 1.0743963471701448 2.123023244980744 6.610154557404354
222 2220 0.029016005147659167 7.077079458629149 0.0004320014970592744 0.0004320014970592744 0.0031419768035248715 0.3199502352652121 0.36339689058013297 0.41411676070888187 0.780086462605133 1.0727937977332687 2.1758570761522864 7.077079458629149
223 2230 0.027028280210437457 7.139353316515851 0.00042411132259609634 0.00042411132259609634 0.0030390237389378845 0.3150414145765879 0.3636864198523349 0.40912180401338805 0.790564696777746 1.0543099652893244 2.172678388354546 7.139353316515851
224 2240 0.027885167477756247 7.069751451981959 0.0004153425734348842 0.0004153425734348842 0.0029381620564386283 0.3139632936152154 0.36204922184349747 0.400437205071863 0.7587870842102481 1.0628674210678863 2.260477462513113 7.069751451981959
225 2250 0.0316875839191952 7.179262353758954 0.00041410692520953574 0.00041410692520953574 0.0029667182054333497 0.3077118727808602 0.35175355745556147 0.38691276283923365 0.7469021715662876 1.0496204163864824 2.3549790980820005 7.179262353758954
226 2260 0.037399336146467434 7.496350356159953 0.0004116191959188429 0.0004116191959188429 0.002828296158868479 0.3050743657515928 0.3591606574531567 0.40294008817208254 0.7740810599716668 1.0388264916270744 2.434562075864402 7.496350356159953
227 2270 0.0434037329181758 7.498774508482232 0.00040628607947916116 0.00040628607947916116 0.0027506376712334215 0.30011614393653263 0.3592171667105277 0.40442590534245 0.7771036621824661 1.0350801874369169 2.502093571452886 7.498774508482232
228 2280 0.045115238667538284 7.6618679192523755 0.000398805743791317 0.000398805743791317 0.002651813603811551 0.2935598390010012 0.3619680117527847 0.40499092409151977 0.7964648891627031 1.0124952325105543 2.539090561752251 7.6618679192523755
229 2290 0.04751507316102462 7.802699483944571 0.00035933739001199665 0.00035933739001199665 0.002637634109989211 0.29739461909810627 0.35839119775747275 0.4049446396677826 0.8028251395162574 1.0103802666658501 2.505356143767572 7.802699483944571
230 2300 0.05288758806176075 7.94681169192303 0.00035553099280524525 0.00035553099280524525 0.0025965053798622873 0.29582046128300227 0.35692856718874255 0.40054251169457317 0.7703139816428045 0.9893713733273382 2.4664048437438666 7.94681169192303
231 2310 0.05817720994220471 8.594670864206254 0.00034543430446474014 0.00034543430446474014 0.0025470596084258236 0.29000905240877717 0.34463240057579925 0.3980664038565737 0.7748372264346681 1.0009303644664445 2.4796525663960103 8.594670864206254
232 2320 0.06667606514776458 9.130490666766825 0.0003488891227857187 0.0003488891227857187 0.0024342982434598735 0.2784626337077253 0.3495063819666517 0.39807714574666064 0.7801475015541667 0.9835596799265639 2.4846434936876913 9.130490666766825
233 2330 0.07534685139423225 9.804496502497555 0.0003440662883867361 0.0003440662883867361 0.0024686452336412945 0.2637360713869103 0.351030279791136 0.3973906669031745 0.7980514338245885 0.978155257230784 2.410978670676049 9.804496502497555
234 2340 0.0902432221227865 10.385049268230233 0.000320418755118929 0.000320418755118929 0.002415783841801334 0.26366211272182394 0.34460026146143463 0.39876708911260095 0.812533642536577 0.9720042840754232 2.413626280427676 10.385049268230233
235 2350 0.10526936130760264 10.459371733493361 0.0003175513117325483 0.0003175513117325483 0.00233753864335983 0.26173525411787135 0.35127735971245194 0.39499508110486015 0.8071541854754298 0.9737771236676349 2.492727267016225 10.459371733493361
236 2360 0.11865447463936099 10.595873454961422 0.0003013838311041324 0.0003013838311041324 0.0023579170786436664 0.254652218963289 0.33757361830337107 0.4016893585600425 0.8078078141682222 0.9996081571484315 2.5002256067141455 10.595873454961422
237 2370 0.1234463171481072 10.751740803188367 0.00028323924022869714 0.00028323924022869714 0.0022875936626884693 0.2539674321204475 0.3387419889123256 0.40258262782922094 0.8054020245410387 0.9937320804853487 2.468976185058964 10.751740803188367
238 2380 0.11416381558272712 10.045911839095378 0.0002784985122337461 0.0002784985122337461 0.002240966404560153 0.25122102296189375 0.3358606869558576 0.398290271612218 0.8707922278495359 0.994216135188654 2.4697261180185635 10.045911839095378
239 2390 0.10932888872244623 9.999362975500388 0.00028416666763513097 0.00028416666763513097 0.002195910667579185 0.23962843281854163 0.33079846853952144 0.3935212513135553 0.8632792157095506 0.9895111962850519 2.5135696831649357 9.999362975500388
240 2400 0.09970446888511987 9.51429785801195 0.0002729502611784458 0.0002729502611784458 0.0021959850810760215 0.2361880197310833 0.34605276436819093 0.3910516285214215 0.8542587121617872 1.0107856371523198 2.513373502034779 9.51429785801195
241 2410 0.0995402042223137 9.574641392494103 0.0002736202102557672 0.0002736202102557672 0.0021792662010858602 0.2213874478450514 0.33136817260176377 0.3922412306672297 0.8505715827884458 1.010939910264254 2.478079803931352 9.574641392494103
242 2420 0.10180024651810064 9.542491275742417 0.0002683986331165049 0.0002683986331165049 0.0021663922477564213 0.20621408320993706 0.3248188933056376 0.4024888299478609 0.8504411381201386 1.0470413664296603 2.493806297840898 9.542491275742417
243 2430 0.1119893884062005 9.457537407440013 0.0002662665797892265 0.0002662665797892265 0.0021144826413867935 0.19833332938110854 0.3270862054397023 0.3998302531275002 0.8853201579584505 1.0426864068620278 2.5870535461865862 9.457537407440013
244 2440 0.1117657104944186 10.144395397366742 0.00025567964360821775 0.00025567964360821775 0.0020677340210983304 0.19531561410034354 0.3238133950932716 0.39154511042130796 0.89307815769783 1.0310890141747953 2.6427026951453887 10.144395397366742
245 2450 0.11006144847472207 10.15065016408007 0.0002463510846077393 0.0002463510846077393 0.0019934799634145086 0.19530147907722023 0.32010223181977016 0.3754564932301695 0.8734616083882252 1.0864726992904417 2.638322678686703 10.15065016408007
246 2460 0.11252143305077364 10.234343669426432 0.00024091175729918415 0.00024091175729918415 0.001893235873288623 0.19087231482245012 0.32037239987137484 0.36808026610907196 0.8680372716284348 1.1209794253745573 2.6209162620983637 10.234343669426432
247 2470 0.11867838958923035 10.157712061153788 0.0002331958167960393 0.0002331958167960393 0.0018038010363782932 0.18660867601132386 0.32158574874284396 0.366827218721009 0.8972788252384948 1.1363412542942553 2.6044723182447345 10.157712061153788
248 2480 0.12331355722393912 10.314842774338787 0.0002236919643860662 0.0002236919643860662 0.0017517003410137686 0.1847424402710514 0.321322937736584 0.3646814712632575 0.9000953097071447 1.1450918084443626 2.722147655658175 10.314842774338787
249 2490 0.12410291573940847 10.616494140432794 0.00021922552424436534 0.00021922552424436534 0.001698825086856337 0.181037266037545 0.3158939075704343 0.36079404052861186 0.8927970513059413 1.1523871807786454 2.7542209090007352 10.616494140432794
250 2500 0.11985406659956813 10.548916524234103 0.00021123016542412814 0.00021123016542412814 0.0016618929556503218 0.17532933278679555 0.3166108437921857 0.36446434914009224 0.8942415761501661 1.1428949088318678 2.847459608839868 10.548916524234103
251 2510 0.12508256381039043 10.173805827841338 0.00020855532398821814 0.00020855532398821814 0.0016520231791719137 0.17317092077636376 0.3013606596075587 0.36000592348448174 0.936568854608636 1.1536990990132987 2.9508579153274272 10.173805827841338
252 2520 0.11853430948629776 10.19923751304705 0.00020380320848329068 0.00020380320848329068 0.0015273455642199184 0.1692569408254697 0.31677747491832275 0.3847960200264335 0.9161304251086558 1.1715953803825514 3.067260709468773 10.19923751304705
253 2530 0.1233127562435933 10.233223462531804 0.00019726576839808622 0.00019726576839808622 0.0014816759719692492 0.16902847509417843 0.3224538782806522 0.3824130803943713 0.8893786770305415 1.1514567038483676 3.0574962026241352 10.233223462531804
254 2540 0.12476502536633907 10.066213994744295 0.00019567805335027355 0.00019567805335027355 0.0014604581000360716 0.16548884320125168 0.3238261243931427 0.3869217490590745 0.8741493164331354 1.1736811133635434 3.035892909077266 10.066213994744295
255 2550 0.10836805855496445 10.126788640631496 0.00018506220384255194 0.00018506220384255194 0.0013940859689220361 0.16393955232704266 0.31797985586283106 0.38528418586038493 0.8998399882562718 1.2115731871387518 2.9999656831634485 10.126788640631496
256 2560 0.10091904737324742 10.054411429503086 0.00018418778297614786 0.00018418778297614786 0.0013363220435594937 0.15657983556309787 0.31890416317110754 0.38821726061966916 0.9019019579551855 1.1944764472641611 2.994140030499349 10.054411429503086
257 2570 0.09336621162472249 9.92537153908845 0.0001817843660175968 0.0001817843660175968 0.0013764582603886613 0.14781035882148652 0.3125313551462235 0.38864831095409763 0.8754753057238842 1.2105844065252276 3.000947021951898 9.92537153908845
258 2580 0.08232378688948452 9.8468461523695 0.00017830528993463958 0.00017830528993463958 0.001342510789436631 0.14307512466117547 0.30817423608771527 0.38913426331678885 0.8871910664117839 1.2326729416298827 3.02322937754617 9.8468461523695
259 2590 0.07695766078437402 9.81416097409382 0.0001673857894643664 0.0001673857894643664 0.0013342416013148158 0.13881450715209992 0.30995517034073566 0.39356478971830877 0.8912502967589956 1.228795869063987 2.920251612575265 9.81416097409382
260 2600 0.06957833092140675 9.65740072789845 0.00016374041426669937 0.00016374041426669937 0.0012752147988770181 0.13379994875208984 0.30753952789084 0.4075625835764698 0.8716471891800789 1.2192183819032618 2.9655129546450136 9.65740072789845
261 2610 0.06895082539735668 9.614106478383835 0.0001582066184176964 0.0001582066184176964 0.0012454841315435372 0.13378767931073912 0.30412431088909797 0.39436116484983924 0.8712344014044535 1.2129362023291965 2.938605344318087 9.614106478383835
262 2620 0.06466918194375602 9.64376509325544 0.0001598946710688258 0.0001598946710688258 0.001180133516325895 0.12754883270863665 0.3094933605681393 0.3894149715772191 0.8682991073606391 1.2355967020522498 2.9232197341097796 9.64376509325544
263 2630 0.0598492930442583 10.114889984815953 0.00015440594829040533 0.00015440594829040533 0.0011489941037357602 0.12379637319579775 0.3022338327170523 0.38751250459222175 0.8595815027761511 1.2256254986907849 2.9938063289060217 10.114889984815953
264 2640 0.05662747015043233 10.259496964236659 0.00014472583213726486 0.00014472583213726486 0.0011098125855950023 0.12219045767914449 0.30361582419041255 0.3902792177539041 0.8578165819350382 1.210505572208826 2.9563485707747126 10.259496964236659
265 2650 0.0532799046967004 10.223707791298748 0.00013622575713722644 0.00013622575713722644 0.0011033826223950146 0.1203864389111085 0.29993420220387523 0.3946200060983416 0.8513625541407306 1.205573598715891 2.9629151074906646 10.223707791298748
266 2660 0.05083190100145314 10.163279858273084 0.00013186690519099165 0.00013186690519099165 0.0010860960829498997 0.11812777661061319 0.2885303935227307 0.39388272395725576 0.8546086895931085 1.1880860316247281 2.9775141019236284 10.163279858273084
267 2670 0.04780000356184005 10.015880911062993 0.00012385885125725118 0.00012385885125725118 0.0010683625111288112 0.11475303471563732 0.29351697378678726 0.38661662661959945 0.8525853918465989 1.1953827738702767 3.0713410700242085 10.015880911062993
268 2680 0.04289032489511749 9.585727859851566 0.00012539284378099334 0.00012539284378099334 0.001017674833235293 0.10968418313988389 0.29436533081824623 0.39150182172898673 0.8630939270051282 1.2160647874993178 3.1100532457019585 9.585727859851566
269 2690 0.04183579598532093 9.50960462792405 0.00012110312308895733 0.00012110312308895733 0.00101056539788085 0.10715047325913311 0.2986878134102733 0.394075454514626 0.8346755948658682 1.2019496103407894 3.0996970617898465 9.50960462792405
270 2700 0.03919500810092475 9.128559584612503 0.00011662225488246675 0.00011662225488246675 0.0010002351077953303 0.10719502868216951 0.2970578941190122 0.38902511853531235 0.8344609894996785 1.2167222733332772 3.079774331782744 9.128559584612503
271 2710 0.0352491996289941 9.196630811093428 0.00011661914450868486 0.00011661914450868486 0.0009892730297040122 0.1020839429145805 0.2931976346731038 0.38933106680336427 0.8173438428216332 1.2777546769781072 3.0082710170158817 9.196630811093428
272 2720 0.033538420973189695 9.126938843696081 0.00010775584548490541 0.00010775584548490541 0.0009660570635215842 0.09993446410963863 0.2922856165358808 0.3915676053418156 0.810192427813039 1.2802776808561842 3.039866365262412 9.126938843696081
273 2730 0.032652932815707296 8.702654512195053 0.00010484621299990426 0.00010484621299990426 0.0009626110626607018 0.0982469901610888 0.29153049070157117 0.38732368151475055 0.8029306736899989 1.2598667153765943 3.133049076938589 8.702654512195053
274 2740 0.031584943665824976 8.7504860264968 0.00010241478876320753 0.00010241478876320753 0.000938687920211768 0.09592936260892887 0.2936401765959232 0.3837536304013358 0.8050439285906749 1.2706406027424153 3.114852814188869 8.7504860264968
275 2750 0.030492975036369066 8.654715745358832 0.00010155893724395579 0.00010155893724395579 0.0009279092083340294 0.09395815812460685 0.29681236980883036 0.38069387971984575 0.7971982139134294 1.2657350859390168 3.077817987375549 8.654715745358832
276 2760 0.028389631428280708 8.467917618550805 0.00010116778283169292 0.00010116778283169292 0.0008761972568354932 0.09323966083164759 0.2942461999246572 0.38438724621542153 0.8145154012037636 1.266113471051231 3.138868817641554 8.467917618550805
277 2770 0.02667161773701393 8.391311467777319 0.00010174283388723599 0.00010174283388723599 0.0008543679345206268 0.091694834128044 0.29106499301215394 0.3872269995955194 0.7781971343018202 1.2488353104832512 3.1299684283503906 8.391311467777319
278 2780 0.02447264460502943 8.125776920005874 9.666510494140294e-05 9.666510494140294e-05 0.0008334318774875739 0.08971117636012678 0.28804585446459097 0.3858210368284083 0.8056098164628293 1.2529341638064382 3.201715320159654 8.125776920005874
279 2790 0.021712093135685163 8.061520808782355 9.416172977090685e-05 9.416172977090685e-05 0.0008087741796684966 0.08608012614697304 0.2857763513262928 0.3793632756047216 0.8172337540190248 1.3075665841057962 3.183399920266212 8.061520808782355
280 2800 0.021224944811653573 7.903443229502887 9.022610369399298e-05 9.022610369399298e-05 0.0007898649401459997 0.08284650625993241 0.28654004499014285 0.38175891196010014 0.8100882256121419 1.3105870502192736 3.2260065018430635 7.903443229502887
281 2810 0.020421175287424334 7.776620202498126 8.799714827517082e-05 8.799714827517082e-05 0.000767553853877491 0.08162233555761578 0.29646091843501415 0.37922966333387353 0.809889432413373 1.295811962226259 3.2225137306674827 7.776620202498126
282 2820 0.018470003305602934 7.936431612125697 8.644449539873717e-05 8.644449539873717e-05 0.000746787191288673 0.07718280631675573 0.29818418943560643 0.3873300755937581 0.7896739991911648 1.2999176012191835 3.1678018566744113 7.936431612125697
283 2830 0.017939066267956983 7.9993223258309225 8.230195563248369e-05 8.230195563248369e-05 0.0007024463273451133 0.07420138698426666 0.3001031395495917 0.3864124457727865 0.7988103523439734 1.3288660903028036 3.1352490771843327 7.9993223258309225
284 2840 0.01663779509648494 7.638157504707091 7.852829101290218e-05 7.852829101290218e-05 0.0006811967300285678 0.07417062741572963 0.2963411285275643 0.3857338442756264 0.815181053852151 1.3654274897390064 3.0779803912042976 7.638157504707091
285 2850 0.01440213429807688 7.437018752623097 7.682337484949001e-05 7.682337484949001e-05 0.0006682102736780447 0.07251063950959191 0.3007836794769391 0.3866624710885778 0.8149162239606886 1.3652866810467783 3.0502896284746264 7.437018752623097
286 2860 0.01269466796072547 7.155009909958643 6.974531698882521e-05 6.974531698882521e-05 0.0006632661526199048 0.07236817500512552 0.2982314683445719 0.3884620923069388 0.8109185083973177 1.3671178974441174 3.0342188798542393 7.155009909958643
287 2870 0.011276928683223846 6.95640663544226 6.833634298871386e-05 6.833634298871386e-05 0.0006417741641382457 0.07232280548791219 0.2989426645381947 0.384890811808566 0.7976320269316378 1.4380822128763624 2.9834874000434475 6.95640663544226
288 2880 0.010167960974708805 6.950629837829484 6.607501725902344e-05 6.607501725902344e-05 0.0006387557097688315 0.07174118425626815 0.29836557692291743 0.3779427968979171 0.790319345970462 1.4523361503566654 2.985903298957209 6.950629837829484
289 2890 0.009750074868935617 6.858964478484712 6.598840379946445e-05 6.598840379946445e-05 0.0006390291409008131 0.0698746360258569 0.28033465945466635 0.38788555699812804 0.775640419086193 1.4663669448120145 2.932052460754605 6.858964478484712
290 2900 0.009817239937857958 6.8696303007172475 6.50840354132346e-05 6.50840354132346e-05 0.000600548853004236 0.06868684450168273 0.28011104272690585 0.3838908776531002 0.7882069132118057 1.4832297284092355 2.886799208962474 6.8696303007172475
291 2910 0.009788810299021856 6.693718061977355 6.455757860017961e-05 6.455757860017961e-05 0.0005644407492900877 0.06851775297135741 0.27963812685934875 0.38257945108198704 0.7771778144410518 1.5567932947658683 2.8668654523110546 6.693718061977355
292 2920 0.009851670349323386 6.4342859915137955 6.317452240319419e-05 6.317452240319419e-05 0.0005615400392968965 0.06458096863175582 0.28934809438272713 0.3862839732415064 0.7602547228432404 1.636754816322904 2.8836870937258428 6.4342859915137955
293 2930 0.011084307498931797 6.347671528481123 6.220084486847368e-05 6.220084486847368e-05 0.0005449033341448207 0.06464621573603313 0.2837781988379105 0.3816080402188169 0.7624786273162342 1.6796787021580832 2.8856230165334185 6.347671528481123
294 2940 0.010868020504309371 6.369487894754828 6.144208878829182e-05 6.144208878829182e-05 0.0005388337376987942 0.06155398125072247 0.29541612170191855 0.3872630131880695 0.7426846613324906 1.771332266546832 2.9166836858468472 6.369487894754828
295 2950 0.010512306396011513 6.483041951777373 6.058459903002982e-05 6.058459903002982e-05 0.0005163750705188428 0.06096442121251995 0.2917332789464347 0.38204517048161935 0.7323131010954994 1.7831376318052494 2.96702600722406 6.483041951777373
296 2960 0.009739004942574342 6.4210997858094565 5.955487119729804e-05 5.955487119729804e-05 0.000505347705912036 0.061214518918029474 0.3029684957489669 0.3788832597069567 0.7296988180343458 1.729737190610303 2.988888309037329 6.4210997858094565
297 2970 0.008752255383539628 6.395317070525304 5.935860399534204e-05 5.935860399534204e-05 0.0004783753061644663 0.059016494905032815 0.30181422177598494 0.37632885591489723 0.7230238932460038 1.6941003541442687 2.9901438172352535 6.395317070525304
298 2980 0.008719604039076378 6.1947891033732425 5.636849562457584e-05 5.636849562457584e-05 0.0004683239867974414 0.05788788153037157 0.30346585774061524 0.37562463756966574 0.7283723066985509 1.6865067547613382 2.944699237031063 6.1947891033732425
299 2990 0.00796924988950529 6.5211118426463885 5.653615410995212e-05 5.653615410995212e-05 0.0004571814355239953 0.057481201912005515 0.3056311452723979 0.3698893652385055 0.7258093317714237 1.6584796238393085 2.913850581765048 6.5211118426463885
300 3000 0.00790481027273822 6.48717468591611 5.5490389423346426e-05 5.5490389423346426e-05 0.00043281079552446537 0.05771563287960004 0.3197156255457121 0.3521116160083548 0.7453275900494818 1.6405875487003787 2.9337594912254485 6.48717468591611
301 3010 0.007296351896934105 6.5103732428034595 5.5196228960840716e-05 5.5196228960840716e-05 0.0004104334994610546 0.05658342828924785 0.3158074530223277 0.35153280418205923 0.7849292983981477 1.6632775861286362 2.9272549742309124 6.5103732428034595
302 3020 0.006441347393176491 6.478227584926495 5.444250380048303e-05 5.444250380048303e-05 0.0004083199554638089 0.05463074358494189 0.31156242742527895 0.3596924597080216 0.7672688750722519 1.6719211450106088 2.858859095592141 6.478227584926495
303 3030 0.005659249502235828 6.384169763383493 5.401175734699477e-05 5.401175734699477e-05 0.0004015035156528241 0.05245856898682123 0.31031097318972384 0.356483951649164 0.7608622331324973 1.6839082964764944 2.8706574337146913 6.384169763383493
304 3040 0.005418973895872057 6.259017248431396 5.217830941247613e-05 5.217830941247613e-05 0.00040130793143360407 0.05051053632273318 0.3094804092911767 0.3452880099179504 0.7644428149841327 1.666378828501263 2.83642024239164 6.259017248431396
305 3050 0.005076537236178593 6.246858382518778 5.331452388689341e-05 5.331452388689341e-05 0.0003648529092682265 0.05010721580908834 0.3105766470184676 0.34834761491922167 0.7842701245684344 1.6738752442970521 2.8309766868803563 6.246858382518778
306 3060 0.0047535847730571885 6.459327330257991 5.2643220900126794e-05 5.2643220900126794e-05 0.000350636663489352 0.04949027241279848 0.31218275404234863 0.3426489801128478 0.7705240397980652 1.6899578755985227 2.818258502782212 6.459327330257991
307 3070 0.004778650950597204 6.351220133649432 5.1128087235709666e-05 5.1128087235709666e-05 0.0003496785141964439 0.049680676561066374 0.30595057327187214 0.3399852847786283 0.7751645672376639 1.7488078993633251 2.715517978339941 6.351220133649432
308 3080 0.004476404988970546 6.249499208435472 5.080954786869924e-05 5.080954786869924e-05 0.0003442738289819575 0.048786747700887534 0.3023242263364085 0.33357325387240144 0.7788537260157132 1.7643395292245663 2.6950162359371714 6.249499208435472
309 3090 0.0043650218080458335 6.1915113731556985 4.863987148539472e-05 4.863987148539472e-05 0.0003347380302888642 0.04747563995707131 0.2998054460379599 0.3297493772171507 0.7986204987557716 1.778938525968146 2.676313052999254 6.1915113731556985
310 3100 0.00401371631346605 5.785742327345902 4.7707719219144245e-05 4.7707719219144245e-05 0.0003362005158642204 0.04602219101028675 0.30493062958182116 0.33004690550988997 0.796735489475764 1.794281509850991 2.804949070118574 5.785742327345902
311 3110 0.0038308263413399223 5.4962996603610845 4.6203413510163154e-05 4.6203413510163154e-05 0.0003363357642850776 0.044751325240642514 0.3008333654301861 0.3220159061273194 0.7949727520294086 1.783248585688919 2.8382509471960833 5.4962996603610845
312 3120 0.003572576108135014 5.406564525015492 4.4460467372302966e-05 4.4460467372302966e-05 0.0003299709740544865 0.04432664113809962 0.3075209593762562 0.32817817737524735 0.7840177947206095 1.7685263941780884 2.8168954705145706 5.406564525015492
313 3130 0.0032468706738313013 5.4523503716589525 4.4195951272919295e-05 4.4195951272919295e-05 0.0003166016396986811 0.04400306017673256 0.3012483270650776 0.3272354378961625 0.7700993001236707 1.7395935596788388 2.7614592202838733 5.4523503716589525
314 3140 0.003099175957865781 5.403922484358377 4.13592360782349e-05 4.13592360782349e-05 0.00031368226487263427 0.0437320939639504 0.2983150942584525 0.3183325836348495 0.7544641691717986 1.730776343157212 2.7993528760842383 5.403922484358377
315 3150 0.002794918300452456 5.346693389762126 4.122155347170139e-05 4.122155347170139e-05 0.0003036993983557004 0.04365721659805914 0.29659179985253004 0.3148776068144816 0.7649740204919603 1.6970334851283684 2.6941832218243924 5.346693389762126
316 3160 0.0026538671438505333 5.262854443363006 4.2503857452937235e-05 4.2503857452937235e-05 0.00030178591635600957 0.042449870265153386 0.29485183500197343 0.3146912490664638 0.7560393849472997 1.5917704596861086 2.6982924887130544 5.262854443363006
317 3170 0.002426102044476636 5.296481646105913 4.120291603613544e-05 4.120291603613544e-05 0.0002919535765435757 0.04209032635571798 0.29111984786499906 0.3171779433409387 0.7671888452818924 1.5854248480865738 2.647788147361062 5.296481646105913
318 3180 0.0025655919327739057 5.42097869106734 3.935470468359714e-05 3.935470468359714e-05 0.00029110438492860834 0.039862090617578214 0.29477189966772355 0.3195939690331327 0.7470678785686203 1.5524687031092723 2.618499282169254 5.42097869106734
319 3190 0.002589097476359582 5.332571901912301 3.909404541902681e-05 3.909404541902681e-05 0.0002877088707923655 0.03936952195654067 0.2960828984357686 0.3370613645829776 0.743532031212683 1.5333372493776738 2.7000171955352625 5.332571901912301
320 3200 0.0026429812993595063 5.283125093044533 3.868539597211944e-05 3.868539597211944e-05 0.00028539783780076773 0.037866067892165206 0.2974047115663729 0.3465267317913627 0.7408677001585846 1.4906254610404244 2.7272957247064014 5.283125093044533
321 3210 0.0025110899639835954 5.457302185438266 3.7826353150527444e-05 3.7826353150527444e-05 0.0002793371354068534 0.03720579685476735 0.30131040716826635 0.3478050652570159 0.7247824306269548 1.466368722990278 2.7229292366968196 5.457302185438266
322 3220 0.0023938187572550276 5.321402751479931 3.632181734641539e-05 3.632181734641539e-05 0.00027936875002733646 0.03617794464367404 0.2973284427552039 0.3437758503048629 0.7236876566117931 1.4442175284282708 2.834647387655169 5.321402751479931
323 3230 0.002346454020541601 5.350402026267097 3.533657076725534e-05 3.533657076725534e-05 0.00027196564850881283 0.03395600665634245 0.29531093053927027 0.3582929136155825 0.7041405820408736 1.4483850584117666 2.86414227753021 5.350402026267097
324 3240 0.0022213654657210822 5.3835885986385295 3.351652590947832e-05 3.351652590947832e-05 0.0002676004414060337 0.03264948209104325 0.30652698027349257 0.3616915096632943 0.7022765320048612 1.4538398709690734 2.843456317276437 5.3835885986385295
