% # columns="iteration, evaluation, min max(neg(.)) min(pos(.)) max correlation, correlation matrix principle axes lengths  (sorted square roots of eigenvalues of correlation matrix)", seed=617773, Tue Jul  6 15:34:05 2021
1 10 -0.04155106764778295 -0.02352758265477073 0.008392097351039846 0.04233701874296353 0.93530704615986 0.967949734126497 0.988900932533136 0.9925151788323416 0.9983476547180914 1.014607328848948 1.0182654366606234 1.0288074677204262 1.050631824408811
2 20 -0.09206866369116819 -0.04203146182856529 0.028519464536671535 0.08256063598820375 0.93530704615986 0.967949734126497 0.988900932533136 0.9925151788323416 0.9983476547180914 1.014607328848948 1.0182654366606234 1.0288074677204262 1.050631824408811
3 30 -0.11641282277099396 -0.052882690026290646 0.0350693010011834 0.10199175671382825 0.93530704615986 0.967949734126497 0.988900932533136 0.9925151788323416 0.9983476547180914 1.014607328848948 1.0182654366606234 1.0288074677204262 1.050631824408811
4 40 -0.15733123554693423 -0.06997031130165123 0.03297641163386565 0.1343508905056071 0.93530704615986 0.967949734126497 0.988900932533136 0.9925151788323416 0.9983476547180914 1.014607328848948 1.0182654366606234 1.0288074677204262 1.050631824408811
5 50 -0.1513477319627721 -0.0758912317863474 0.0207699471534068 0.1486758509545984 0.93530704615986 0.967949734126497 0.988900932533136 0.9925151788323416 0.9983476547180914 1.014607328848948 1.0182654366606234 1.0288074677204262 1.050631824408811
6 60 -0.17780244491213373 -0.08069816528205645 0.029597233779379038 0.16704729994798395 0.93530704615986 0.967949734126497 0.988900932533136 0.9925151788323416 0.9983476547180914 1.014607328848948 1.0182654366606234 1.0288074677204262 1.050631824408811
7 70 -0.21097321982085476 -0.09477411839931298 0.0219422127650559 0.15006666090912713 0.93530704615986 0.967949734126497 0.988900932533136 0.9925151788323416 0.9983476547180914 1.014607328848948 1.0182654366606234 1.0288074677204262 1.050631824408811
8 80 -0.2643900521730942 -0.10417218472794662 0.028804890633705706 0.13503372576436348 0.93530704615986 0.967949734126497 0.988900932533136 0.9925151788323416 0.9983476547180914 1.014607328848948 1.0182654366606234 1.0288074677204262 1.050631824408811
9 90 -0.2770440907583908 -0.10676565454153149 0.030031622235322762 0.15313631507133105 0.93530704615986 0.967949734126497 0.988900932533136 0.9925151788323416 0.9983476547180914 1.014607328848948 1.0182654366606234 1.0288074677204262 1.050631824408811
10 100 -0.32669908974276224 -0.1207925782468397 0.015562741341006346 0.15392734568765604 0.6574393157818605 0.7892523015844728 0.8813102015499255 0.940667505350656 1.000712965178716 1.0539291375620294 1.1116488723466549 1.1833351934725587 1.238972502660954
11 110 -0.33372222109439903 -0.11876135284634971 0.023508358374591205 0.17305216720798522 0.6574393157818605 0.7892523015844728 0.8813102015499255 0.940667505350656 1.000712965178716 1.0539291375620294 1.1116488723466549 1.1833351934725587 1.238972502660954
12 120 -0.40562928516860763 -0.11714064809268124 0.008669031998110477 0.19649777638832922 0.6574393157818605 0.7892523015844728 0.8813102015499255 0.940667505350656 1.000712965178716 1.0539291375620294 1.1116488723466549 1.1833351934725587 1.238972502660954
13 130 -0.43107269023765954 -0.11495452342577228 0.014537593161863274 0.19084970046382077 0.6574393157818605 0.7892523015844728 0.8813102015499255 0.940667505350656 1.000712965178716 1.0539291375620294 1.1116488723466549 1.1833351934725587 1.238972502660954
14 140 -0.5161909012148403 -0.1331632358083158 0.01613483529011288 0.2102242359505172 0.6574393157818605 0.7892523015844728 0.8813102015499255 0.940667505350656 1.000712965178716 1.0539291375620294 1.1116488723466549 1.1833351934725587 1.238972502660954
15 150 -0.5441148833595622 -0.13534298263557443 0.047578009934078375 0.2582689728220881 0.6574393157818605 0.7892523015844728 0.8813102015499255 0.940667505350656 1.000712965178716 1.0539291375620294 1.1116488723466549 1.1833351934725587 1.238972502660954
16 160 -0.5158447490604334 -0.13715487033363383 0.037039172386640166 0.2518315801629461 0.6574393157818605 0.7892523015844728 0.8813102015499255 0.940667505350656 1.000712965178716 1.0539291375620294 1.1116488723466549 1.1833351934725587 1.238972502660954
17 170 -0.5240461519156218 -0.14779933925755195 0.04483250272345833 0.2955670758922146 0.6574393157818605 0.7892523015844728 0.8813102015499255 0.940667505350656 1.000712965178716 1.0539291375620294 1.1116488723466549 1.1833351934725587 1.238972502660954
18 180 -0.5337183494180024 -0.1479684390217163 0.03932772764877282 0.3062734613997501 0.6574393157818605 0.7892523015844728 0.8813102015499255 0.940667505350656 1.000712965178716 1.0539291375620294 1.1116488723466549 1.1833351934725587 1.238972502660954
19 190 -0.5640216120419304 -0.16899185822309348 0.03591916901214625 0.3103487831098384 0.41785798562920606 0.7177232342545122 0.8027428750063387 0.8570411261506226 1.001843272551924 1.038302635949407 1.0585809800910453 1.2867090060070352 1.4399223532687488
20 200 -0.5870740812464327 -0.2099191497047836 0.07451130513646975 0.3142236718093153 0.41785798562920606 0.7177232342545122 0.8027428750063387 0.8570411261506226 1.001843272551924 1.038302635949407 1.0585809800910453 1.2867090060070352 1.4399223532687488
21 210 -0.5925466415241615 -0.2115340277191873 0.06720281266537066 0.3387515325712787 0.41785798562920606 0.7177232342545122 0.8027428750063387 0.8570411261506226 1.001843272551924 1.038302635949407 1.0585809800910453 1.2867090060070352 1.4399223532687488
22 220 -0.584307855453949 -0.19106611632209985 0.09300691163215082 0.37449287174489726 0.41785798562920606 0.7177232342545122 0.8027428750063387 0.8570411261506226 1.001843272551924 1.038302635949407 1.0585809800910453 1.2867090060070352 1.4399223532687488
23 230 -0.5949037266306421 -0.20467257182765003 0.05964082488807601 0.3716662992421438 0.41785798562920606 0.7177232342545122 0.8027428750063387 0.8570411261506226 1.001843272551924 1.038302635949407 1.0585809800910453 1.2867090060070352 1.4399223532687488
24 240 -0.5952607990869809 -0.24703240489998385 0.08646289874062958 0.4070652462736516 0.41785798562920606 0.7177232342545122 0.8027428750063387 0.8570411261506226 1.001843272551924 1.038302635949407 1.0585809800910453 1.2867090060070352 1.4399223532687488
25 250 -0.606507873797276 -0.2906618638198486 0.12515276251863677 0.44724597497952995 0.41785798562920606 0.7177232342545122 0.8027428750063387 0.8570411261506226 1.001843272551924 1.038302635949407 1.0585809800910453 1.2867090060070352 1.4399223532687488
26 260 -0.6087990351720296 -0.2889738895789936 0.12123596769643936 0.4385868347224309 0.41785798562920606 0.7177232342545122 0.8027428750063387 0.8570411261506226 1.001843272551924 1.038302635949407 1.0585809800910453 1.2867090060070352 1.4399223532687488
27 270 -0.5981540709523304 -0.27838903959553485 0.08742568370863472 0.4516868938628056 0.41785798562920606 0.7177232342545122 0.8027428750063387 0.8570411261506226 1.001843272551924 1.038302635949407 1.0585809800910453 1.2867090060070352 1.4399223532687488
28 280 -0.5940752261136376 -0.2742085116408579 0.09671029179374699 0.4736622730638546 0.2800641542107493 0.6494666501220515 0.7228801005390925 0.8026772877308931 0.9234350610768667 0.9868732990723181 1.1746939046241414 1.2133881021388846 1.6291233825250302
29 290 -0.6293996304568946 -0.27380118297434436 0.10680184025806708 0.45527988657991597 0.2800641542107493 0.6494666501220515 0.7228801005390925 0.8026772877308931 0.9234350610768667 0.9868732990723181 1.1746939046241414 1.2133881021388846 1.6291233825250302
30 300 -0.6397830674529302 -0.2714642154596193 0.09994649165513597 0.4604692540344362 0.2800641542107493 0.6494666501220515 0.7228801005390925 0.8026772877308931 0.9234350610768667 0.9868732990723181 1.1746939046241414 1.2133881021388846 1.6291233825250302
31 310 -0.6394902847472553 -0.2871754478254708 0.1197650838801925 0.46623660989066806 0.2800641542107493 0.6494666501220515 0.7228801005390925 0.8026772877308931 0.9234350610768667 0.9868732990723181 1.1746939046241414 1.2133881021388846 1.6291233825250302
32 320 -0.6342726402581892 -0.28390612103660473 0.12894790447059876 0.4715895981155504 0.2800641542107493 0.6494666501220515 0.7228801005390925 0.8026772877308931 0.9234350610768667 0.9868732990723181 1.1746939046241414 1.2133881021388846 1.6291233825250302
33 330 -0.6406542097713058 -0.26836566599471856 0.10224235554358065 0.49198020366799816 0.2800641542107493 0.6494666501220515 0.7228801005390925 0.8026772877308931 0.9234350610768667 0.9868732990723181 1.1746939046241414 1.2133881021388846 1.6291233825250302
34 340 -0.6217715737157192 -0.2596750981956041 0.09614265409364758 0.4316963982789802 0.2800641542107493 0.6494666501220515 0.7228801005390925 0.8026772877308931 0.9234350610768667 0.9868732990723181 1.1746939046241414 1.2133881021388846 1.6291233825250302
35 350 -0.6031143123040987 -0.2541116219174468 0.10325534377489534 0.4032983901193347 0.2800641542107493 0.6494666501220515 0.7228801005390925 0.8026772877308931 0.9234350610768667 0.9868732990723181 1.1746939046241414 1.2133881021388846 1.6291233825250302
36 360 -0.5819805841622088 -0.25280106004684166 0.06834964195326301 0.42580682592605473 0.2800641542107493 0.6494666501220515 0.7228801005390925 0.8026772877308931 0.9234350610768667 0.9868732990723181 1.1746939046241414 1.2133881021388846 1.6291233825250302
37 370 -0.6194738771025833 -0.25186497803311836 0.07193222721510187 0.42893669336366036 0.1996013247432522 0.6263819386806987 0.7422403650587162 0.7459012832959677 0.8692658044762707 1.071072295918322 1.139897075668508 1.3037707041367927 1.5995353075539753
38 380 -0.5852630318712386 -0.25689280698198785 0.06687097854746749 0.38342107943123943 0.1996013247432522 0.6263819386806987 0.7422403650587162 0.7459012832959677 0.8692658044762707 1.071072295918322 1.139897075668508 1.3037707041367927 1.5995353075539753
39 390 -0.6142406046029998 -0.26600180157429554 0.09983264370606411 0.4205776157034756 0.1996013247432522 0.6263819386806987 0.7422403650587162 0.7459012832959677 0.8692658044762707 1.071072295918322 1.139897075668508 1.3037707041367927 1.5995353075539753
40 400 -0.6073662453935622 -0.2640139480729955 0.1160900212332787 0.4289850211444377 0.1996013247432522 0.6263819386806987 0.7422403650587162 0.7459012832959677 0.8692658044762707 1.071072295918322 1.139897075668508 1.3037707041367927 1.5995353075539753
41 410 -0.6139027651011214 -0.2914470576220739 0.2126804617289354 0.5147499978562698 0.1996013247432522 0.6263819386806987 0.7422403650587162 0.7459012832959677 0.8692658044762707 1.071072295918322 1.139897075668508 1.3037707041367927 1.5995353075539753
42 420 -0.601567383586754 -0.3176724026416682 0.21629878851853268 0.5294314174242628 0.1996013247432522 0.6263819386806987 0.7422403650587162 0.7459012832959677 0.8692658044762707 1.071072295918322 1.139897075668508 1.3037707041367927 1.5995353075539753
43 430 -0.6062746494631827 -0.30107931975916746 0.17890272863960627 0.512724210087974 0.1996013247432522 0.6263819386806987 0.7422403650587162 0.7459012832959677 0.8692658044762707 1.071072295918322 1.139897075668508 1.3037707041367927 1.5995353075539753
44 440 -0.6253361420637051 -0.28324460413702335 0.16112021643205038 0.5035244462535883 0.1996013247432522 0.6263819386806987 0.7422403650587162 0.7459012832959677 0.8692658044762707 1.071072295918322 1.139897075668508 1.3037707041367927 1.5995353075539753
45 450 -0.625708133452826 -0.28807393476893456 0.12458378171155507 0.48390627404077446 0.1996013247432522 0.6263819386806987 0.7422403650587162 0.7459012832959677 0.8692658044762707 1.071072295918322 1.139897075668508 1.3037707041367927 1.5995353075539753
46 460 -0.6630627107544654 -0.29448841854932073 0.14650290067927269 0.4366996428639327 0.1422245615782566 0.521297299603723 0.6691061233389093 0.7336986515782589 0.9196784062204191 0.969542066038001 1.193007250223041 1.259328820221942 1.710850378811854
47 470 -0.6733339346712054 -0.31147198539061194 0.12572132450386314 0.4223950957214173 0.1422245615782566 0.521297299603723 0.6691061233389093 0.7336986515782589 0.9196784062204191 0.969542066038001 1.193007250223041 1.259328820221942 1.710850378811854
48 480 -0.6739735520774862 -0.28798249955634014 0.0848588004187401 0.38956208832493755 0.1422245615782566 0.521297299603723 0.6691061233389093 0.7336986515782589 0.9196784062204191 0.969542066038001 1.193007250223041 1.259328820221942 1.710850378811854
49 490 -0.6723874580209257 -0.3137143817278627 0.12017250533669124 0.37554784480219233 0.1422245615782566 0.521297299603723 0.6691061233389093 0.7336986515782589 0.9196784062204191 0.969542066038001 1.193007250223041 1.259328820221942 1.710850378811854
50 500 -0.6856811550899815 -0.32992076111380786 0.10949334170697608 0.3909794314027456 0.1422245615782566 0.521297299603723 0.6691061233389093 0.7336986515782589 0.9196784062204191 0.969542066038001 1.193007250223041 1.259328820221942 1.710850378811854
51 510 -0.6975052994331349 -0.31804970506635444 0.08023122240090272 0.3873302327401769 0.1422245615782566 0.521297299603723 0.6691061233389093 0.7336986515782589 0.9196784062204191 0.969542066038001 1.193007250223041 1.259328820221942 1.710850378811854
52 520 -0.6877054596952656 -0.31707036891355816 0.08812176152256872 0.4034846862136701 0.1422245615782566 0.521297299603723 0.6691061233389093 0.7336986515782589 0.9196784062204191 0.969542066038001 1.193007250223041 1.259328820221942 1.710850378811854
53 530 -0.6762526004541011 -0.3282910158982274 0.06921682811142169 0.42883534457515843 0.1422245615782566 0.521297299603723 0.6691061233389093 0.7336986515782589 0.9196784062204191 0.969542066038001 1.193007250223041 1.259328820221942 1.710850378811854
54 540 -0.6738454892075505 -0.3347528254980574 0.08216825680299303 0.4703858276169396 0.1422245615782566 0.521297299603723 0.6691061233389093 0.7336986515782589 0.9196784062204191 0.969542066038001 1.193007250223041 1.259328820221942 1.710850378811854
55 550 -0.6559991274037124 -0.32141532186571853 0.08785222984595314 0.4296837763211002 0.09714945770160903 0.5176784233658298 0.6119912606109899 0.7207975079399547 0.8946616863900198 0.9942002665887587 1.1710007455415412 1.3871343468189967 1.656577959822559
56 560 -0.6609286985476406 -0.30704765964518915 0.09552860334708119 0.40826070187986696 0.09714945770160903 0.5176784233658298 0.6119912606109899 0.7207975079399547 0.8946616863900198 0.9942002665887587 1.1710007455415412 1.3871343468189967 1.656577959822559
57 570 -0.6738097850474675 -0.2569385025022318 0.1159186468230522 0.41019579566280356 0.09714945770160903 0.5176784233658298 0.6119912606109899 0.7207975079399547 0.8946616863900198 0.9942002665887587 1.1710007455415412 1.3871343468189967 1.656577959822559
58 580 -0.681649599912594 -0.2738060319844539 0.10729380462255173 0.4263029680643086 0.09714945770160903 0.5176784233658298 0.6119912606109899 0.7207975079399547 0.8946616863900198 0.9942002665887587 1.1710007455415412 1.3871343468189967 1.656577959822559
59 590 -0.6861629375617038 -0.2671199975421862 0.1173296746744537 0.44146342579312187 0.09714945770160903 0.5176784233658298 0.6119912606109899 0.7207975079399547 0.8946616863900198 0.9942002665887587 1.1710007455415412 1.3871343468189967 1.656577959822559
60 600 -0.6883716668761775 -0.2582457484817562 0.12094113530296109 0.39484016072878847 0.09714945770160903 0.5176784233658298 0.6119912606109899 0.7207975079399547 0.8946616863900198 0.9942002665887587 1.1710007455415412 1.3871343468189967 1.656577959822559
61 610 -0.7338020294188514 -0.29304679456692667 0.12835230500141917 0.4397592785158667 0.09714945770160903 0.5176784233658298 0.6119912606109899 0.7207975079399547 0.8946616863900198 0.9942002665887587 1.1710007455415412 1.3871343468189967 1.656577959822559
62 620 -0.7432107790322889 -0.2872516136262946 0.14294247134210236 0.44826165029462284 0.09714945770160903 0.5176784233658298 0.6119912606109899 0.7207975079399547 0.8946616863900198 0.9942002665887587 1.1710007455415412 1.3871343468189967 1.656577959822559
63 630 -0.7389409143372881 -0.2762506432479619 0.12500920992368456 0.43611473518203625 0.09714945770160903 0.5176784233658298 0.6119912606109899 0.7207975079399547 0.8946616863900198 0.9942002665887587 1.1710007455415412 1.3871343468189967 1.656577959822559
64 640 -0.7631740739182653 -0.28184463528792586 0.1371146722786855 0.45851323544609607 0.06097433578160475 0.47350799916417147 0.575282946391784 0.7645713438780117 0.83499223310355 0.9789745572772404 1.079954309711098 1.4281393974310361 1.7306258504128542
65 650 -0.7573117406161085 -0.2949454230768621 0.11521243351662781 0.46376677052264476 0.06097433578160475 0.47350799916417147 0.575282946391784 0.7645713438780117 0.83499223310355 0.9789745572772404 1.079954309711098 1.4281393974310361 1.7306258504128542
66 660 -0.7908135399604044 -0.3488386003112608 0.11709018172353337 0.4944770006440101 0.06097433578160475 0.47350799916417147 0.575282946391784 0.7645713438780117 0.83499223310355 0.9789745572772404 1.079954309711098 1.4281393974310361 1.7306258504128542
67 670 -0.8154420530291555 -0.3542856046261861 0.13910945737764369 0.503720920740619 0.06097433578160475 0.47350799916417147 0.575282946391784 0.7645713438780117 0.83499223310355 0.9789745572772404 1.079954309711098 1.4281393974310361 1.7306258504128542
68 680 -0.8174119780608579 -0.3512660417230804 0.12681271862568053 0.5005486820327051 0.06097433578160475 0.47350799916417147 0.575282946391784 0.7645713438780117 0.83499223310355 0.9789745572772404 1.079954309711098 1.4281393974310361 1.7306258504128542
69 690 -0.8215899239480169 -0.3557800772627724 0.12109979356373905 0.5199598334504523 0.06097433578160475 0.47350799916417147 0.575282946391784 0.7645713438780117 0.83499223310355 0.9789745572772404 1.079954309711098 1.4281393974310361 1.7306258504128542
70 700 -0.8235848153552103 -0.3580641128816592 0.11958705335276174 0.5409573432061038 0.06097433578160475 0.47350799916417147 0.575282946391784 0.7645713438780117 0.83499223310355 0.9789745572772404 1.079954309711098 1.4281393974310361 1.7306258504128542
71 710 -0.8182193864153154 -0.36875238242541775 0.13714241698104196 0.573413746730724 0.06097433578160475 0.47350799916417147 0.575282946391784 0.7645713438780117 0.83499223310355 0.9789745572772404 1.079954309711098 1.4281393974310361 1.7306258504128542
72 720 -0.8275486550777473 -0.37754093157054225 0.14094001314157523 0.5629090885655172 0.06097433578160475 0.47350799916417147 0.575282946391784 0.7645713438780117 0.83499223310355 0.9789745572772404 1.079954309711098 1.4281393974310361 1.7306258504128542
73 730 -0.8273391384311477 -0.38540637265337274 0.1361623841672932 0.517994163858722 0.03807470504610969 0.4365768515879474 0.570650085479726 0.7461558938689845 0.7711148367144435 0.9477204331458629 0.9943531979165904 1.390944233711486 1.8733137957038213
74 740 -0.8139568773980765 -0.37186470783444403 0.11000115977537744 0.542805273609715 0.03807470504610969 0.4365768515879474 0.570650085479726 0.7461558938689845 0.7711148367144435 0.9477204331458629 0.9943531979165904 1.390944233711486 1.8733137957038213
75 750 -0.8043763819436938 -0.39462670367435715 0.12001370674831766 0.5397240499837963 0.03807470504610969 0.4365768515879474 0.570650085479726 0.7461558938689845 0.7711148367144435 0.9477204331458629 0.9943531979165904 1.390944233711486 1.8733137957038213
76 760 -0.8010942132897331 -0.3864803241713032 0.14768629255876237 0.5490616300133966 0.03807470504610969 0.4365768515879474 0.570650085479726 0.7461558938689845 0.7711148367144435 0.9477204331458629 0.9943531979165904 1.390944233711486 1.8733137957038213
77 770 -0.7889286059716705 -0.38687949025818236 0.13048456003290365 0.5533951054343258 0.03807470504610969 0.4365768515879474 0.570650085479726 0.7461558938689845 0.7711148367144435 0.9477204331458629 0.9943531979165904 1.390944233711486 1.8733137957038213
78 780 -0.7854623716946788 -0.389741188544725 0.1456355047643134 0.5476189407390533 0.03807470504610969 0.4365768515879474 0.570650085479726 0.7461558938689845 0.7711148367144435 0.9477204331458629 0.9943531979165904 1.390944233711486 1.8733137957038213
79 790 -0.7906185283392885 -0.3914943307229341 0.1402757908528478 0.5625120369621239 0.03807470504610969 0.4365768515879474 0.570650085479726 0.7461558938689845 0.7711148367144435 0.9477204331458629 0.9943531979165904 1.390944233711486 1.8733137957038213
80 800 -0.7930203945796295 -0.395609130579599 0.150046429367247 0.5797786096580841 0.03807470504610969 0.4365768515879474 0.570650085479726 0.7461558938689845 0.7711148367144435 0.9477204331458629 0.9943531979165904 1.390944233711486 1.8733137957038213
81 810 -0.7990037383512267 -0.3985645226473943 0.15713800464747407 0.5781165485825372 0.03807470504610969 0.4365768515879474 0.570650085479726 0.7461558938689845 0.7711148367144435 0.9477204331458629 0.9943531979165904 1.390944233711486 1.8733137957038213
82 820 -0.8079890496181048 -0.4059335293757485 0.1382542971980278 0.5718466702871184 0.024673853445573664 0.4211102443521191 0.5874825206340318 0.7314216006480623 0.8549629257281207 1.0020149810975567 1.0485496056004189 1.2896028206244543 1.8559139947831338
83 830 -0.8244460682767076 -0.40146774085965653 0.14227498577271894 0.5645472979434206 0.024673853445573664 0.4211102443521191 0.5874825206340318 0.7314216006480623 0.8549629257281207 1.0020149810975567 1.0485496056004189 1.2896028206244543 1.8559139947831338
84 840 -0.814647294159529 -0.3742301934434212 0.14535455783475953 0.5629823933034372 0.024673853445573664 0.4211102443521191 0.5874825206340318 0.7314216006480623 0.8549629257281207 1.0020149810975567 1.0485496056004189 1.2896028206244543 1.8559139947831338
85 850 -0.8268123730379097 -0.34726587095860084 0.12469841590960543 0.5708355846837428 0.024673853445573664 0.4211102443521191 0.5874825206340318 0.7314216006480623 0.8549629257281207 1.0020149810975567 1.0485496056004189 1.2896028206244543 1.8559139947831338
86 860 -0.8334775078872468 -0.3702633431433149 0.1471995315885732 0.5922337578816457 0.024673853445573664 0.4211102443521191 0.5874825206340318 0.7314216006480623 0.8549629257281207 1.0020149810975567 1.0485496056004189 1.2896028206244543 1.8559139947831338
87 870 -0.8341432447612773 -0.37298385266897294 0.15886228242947625 0.5732758796372078 0.024673853445573664 0.4211102443521191 0.5874825206340318 0.7314216006480623 0.8549629257281207 1.0020149810975567 1.0485496056004189 1.2896028206244543 1.8559139947831338
88 880 -0.8225199912255999 -0.365110770983697 0.14437007906269878 0.5367307149845462 0.024673853445573664 0.4211102443521191 0.5874825206340318 0.7314216006480623 0.8549629257281207 1.0020149810975567 1.0485496056004189 1.2896028206244543 1.8559139947831338
89 890 -0.7821837610939274 -0.36376941430301113 0.13541870306500214 0.5162608088501456 0.024673853445573664 0.4211102443521191 0.5874825206340318 0.7314216006480623 0.8549629257281207 1.0020149810975567 1.0485496056004189 1.2896028206244543 1.8559139947831338
90 900 -0.7752581770023863 -0.3785542263352445 0.14128549420028386 0.4876471592117202 0.024673853445573664 0.4211102443521191 0.5874825206340318 0.7314216006480623 0.8549629257281207 1.0020149810975567 1.0485496056004189 1.2896028206244543 1.8559139947831338
91 910 -0.773281125286825 -0.37163397080323285 0.14188175922193028 0.4735682629484015 0.018263275287853008 0.4117362462746527 0.5300047962598745 0.796990712922222 0.8894644906298972 1.0365098524801983 1.0781649382239213 1.2795966995277686 1.8024242935277202
92 920 -0.7812210283699618 -0.3749099715433052 0.15582711879045696 0.4767837284703661 0.018263275287853008 0.4117362462746527 0.5300047962598745 0.796990712922222 0.8894644906298972 1.0365098524801983 1.0781649382239213 1.2795966995277686 1.8024242935277202
93 930 -0.782211674250508 -0.34270517935471456 0.1497813212680103 0.5224451179279241 0.018263275287853008 0.4117362462746527 0.5300047962598745 0.796990712922222 0.8894644906298972 1.0365098524801983 1.0781649382239213 1.2795966995277686 1.8024242935277202
94 940 -0.7757776066549641 -0.2633049612118733 0.14414321038749056 0.5046805508536574 0.018263275287853008 0.4117362462746527 0.5300047962598745 0.796990712922222 0.8894644906298972 1.0365098524801983 1.0781649382239213 1.2795966995277686 1.8024242935277202
95 950 -0.7558028068242609 -0.2995588926411915 0.15826883309492895 0.5396182554846702 0.018263275287853008 0.4117362462746527 0.5300047962598745 0.796990712922222 0.8894644906298972 1.0365098524801983 1.0781649382239213 1.2795966995277686 1.8024242935277202
96 960 -0.7548365258449243 -0.28856818613772234 0.141258786390466 0.5548015968891853 0.018263275287853008 0.4117362462746527 0.5300047962598745 0.796990712922222 0.8894644906298972 1.0365098524801983 1.0781649382239213 1.2795966995277686 1.8024242935277202
97 970 -0.7211242761925615 -0.2911600392973298 0.15456472809919403 0.5558252955970011 0.018263275287853008 0.4117362462746527 0.5300047962598745 0.796990712922222 0.8894644906298972 1.0365098524801983 1.0781649382239213 1.2795966995277686 1.8024242935277202
98 980 -0.7281913524047856 -0.29567666948591387 0.15953979078170852 0.538946080016403 0.018263275287853008 0.4117362462746527 0.5300047962598745 0.796990712922222 0.8894644906298972 1.0365098524801983 1.0781649382239213 1.2795966995277686 1.8024242935277202
99 990 -0.7196655878802259 -0.3182517160504722 0.15691175560578047 0.5460632421885908 0.018263275287853008 0.4117362462746527 0.5300047962598745 0.796990712922222 0.8894644906298972 1.0365098524801983 1.0781649382239213 1.2795966995277686 1.8024242935277202
100 1000 -0.7289407748285622 -0.31168343104091223 0.16210112734302062 0.5391671880999384 0.013404912951207291 0.38519928736695636 0.4277920841101647 0.6953451168037909 0.8855046847425587 1.0093361216408734 1.1083658881741094 1.4717832036005438 1.7284189957911957
101 1010 -0.7503517133821966 -0.3095930197872886 0.12991003097123038 0.5470685709118892 0.013404912951207291 0.38519928736695636 0.4277920841101647 0.6953451168037909 0.8855046847425587 1.0093361216408734 1.1083658881741094 1.4717832036005438 1.7284189957911957
102 1020 -0.7603549383174446 -0.31616145755245173 0.12668735929547778 0.5474877548134635 0.013404912951207291 0.38519928736695636 0.4277920841101647 0.6953451168037909 0.8855046847425587 1.0093361216408734 1.1083658881741094 1.4717832036005438 1.7284189957911957
103 1030 -0.7834549990107544 -0.32973913294024915 0.13274197224050305 0.5395386930698389 0.013404912951207291 0.38519928736695636 0.4277920841101647 0.6953451168037909 0.8855046847425587 1.0093361216408734 1.1083658881741094 1.4717832036005438 1.7284189957911957
104 1040 -0.7930894710717789 -0.3206205502555634 0.14728958319842242 0.5501735469495741 0.013404912951207291 0.38519928736695636 0.4277920841101647 0.6953451168037909 0.8855046847425587 1.0093361216408734 1.1083658881741094 1.4717832036005438 1.7284189957911957
105 1050 -0.7867117982566543 -0.32034520373915776 0.14935512437616386 0.5514202441399452 0.013404912951207291 0.38519928736695636 0.4277920841101647 0.6953451168037909 0.8855046847425587 1.0093361216408734 1.1083658881741094 1.4717832036005438 1.7284189957911957
106 1060 -0.7882343554857346 -0.3335246222915331 0.16348965204639157 0.5399254608427019 0.013404912951207291 0.38519928736695636 0.4277920841101647 0.6953451168037909 0.8855046847425587 1.0093361216408734 1.1083658881741094 1.4717832036005438 1.7284189957911957
107 1070 -0.7802897724867963 -0.33454184616769345 0.14601101080143775 0.5535931314608425 0.013404912951207291 0.38519928736695636 0.4277920841101647 0.6953451168037909 0.8855046847425587 1.0093361216408734 1.1083658881741094 1.4717832036005438 1.7284189957911957
108 1080 -0.757602037234841 -0.31790889738000017 0.1467962573598186 0.5510934164112069 0.013404912951207291 0.38519928736695636 0.4277920841101647 0.6953451168037909 0.8855046847425587 1.0093361216408734 1.1083658881741094 1.4717832036005438 1.7284189957911957
109 1090 -0.7568245398423337 -0.30142749089751514 0.12267574101718878 0.5507316443270204 0.010112114491079014 0.3938672728145575 0.4209820132718619 0.7299623487030891 0.9310300685447409 0.9881228760608094 1.0377780626206832 1.4772494615259768 1.741333496191624
110 1100 -0.7667174382562921 -0.2896571211355947 0.11937177503608701 0.5166035935060408 0.010112114491079014 0.3938672728145575 0.4209820132718619 0.7299623487030891 0.9310300685447409 0.9881228760608094 1.0377780626206832 1.4772494615259768 1.741333496191624
111 1110 -0.7815155071124923 -0.28025803924822373 0.08716955963698106 0.5052532852727958 0.010112114491079014 0.3938672728145575 0.4209820132718619 0.7299623487030891 0.9310300685447409 0.9881228760608094 1.0377780626206832 1.4772494615259768 1.741333496191624
112 1120 -0.7770463143824962 -0.2754268815393356 0.06617832804687712 0.5190837986058975 0.010112114491079014 0.3938672728145575 0.4209820132718619 0.7299623487030891 0.9310300685447409 0.9881228760608094 1.0377780626206832 1.4772494615259768 1.741333496191624
113 1130 -0.7740882813484872 -0.2721550310054193 0.06834534246928162 0.506521228021845 0.010112114491079014 0.3938672728145575 0.4209820132718619 0.7299623487030891 0.9310300685447409 0.9881228760608094 1.0377780626206832 1.4772494615259768 1.741333496191624
114 1140 -0.767236616197173 -0.2918821815365418 0.07794313768215827 0.4895254570842675 0.010112114491079014 0.3938672728145575 0.4209820132718619 0.7299623487030891 0.9310300685447409 0.9881228760608094 1.0377780626206832 1.4772494615259768 1.741333496191624
115 1150 -0.7708324220520733 -0.27290684698824713 0.0903844071926609 0.4755799699153681 0.010112114491079014 0.3938672728145575 0.4209820132718619 0.7299623487030891 0.9310300685447409 0.9881228760608094 1.0377780626206832 1.4772494615259768 1.741333496191624
116 1160 -0.7893339100049623 -0.2704627623779121 0.07290502399075464 0.5139228612638553 0.010112114491079014 0.3938672728145575 0.4209820132718619 0.7299623487030891 0.9310300685447409 0.9881228760608094 1.0377780626206832 1.4772494615259768 1.741333496191624
117 1170 -0.7836993711516085 -0.2671630321525461 0.06023336147062921 0.5040123986871491 0.010112114491079014 0.3938672728145575 0.4209820132718619 0.7299623487030891 0.9310300685447409 0.9881228760608094 1.0377780626206832 1.4772494615259768 1.741333496191624
118 1180 -0.7880978375085732 -0.2756306128940982 0.04999429834919919 0.4968897499417736 0.007727989404163931 0.38342989611900236 0.4704881274771867 0.7447293877340346 0.967238903924939 1.0056209848812065 1.1472760141589113 1.392169863075316 1.6957998145628428
119 1190 -0.7934741141317164 -0.2832866369972392 0.04750552818551512 0.5221974017236646 0.007727989404163931 0.38342989611900236 0.4704881274771867 0.7447293877340346 0.967238903924939 1.0056209848812065 1.1472760141589113 1.392169863075316 1.6957998145628428
120 1200 -0.801349091864683 -0.2715859341809619 0.06055881690108739 0.5674701636960018 0.007727989404163931 0.38342989611900236 0.4704881274771867 0.7447293877340346 0.967238903924939 1.0056209848812065 1.1472760141589113 1.392169863075316 1.6957998145628428
121 1210 -0.7910875823230964 -0.2763946724752026 0.0790802047350256 0.5671739877232931 0.007727989404163931 0.38342989611900236 0.4704881274771867 0.7447293877340346 0.967238903924939 1.0056209848812065 1.1472760141589113 1.392169863075316 1.6957998145628428
122 1220 -0.7982846959929202 -0.27582476849609466 0.06975933011546671 0.5716467227570319 0.007727989404163931 0.38342989611900236 0.4704881274771867 0.7447293877340346 0.967238903924939 1.0056209848812065 1.1472760141589113 1.392169863075316 1.6957998145628428
123 1230 -0.8045957173062542 -0.28180484581644977 0.07407389263399738 0.5539400905963261 0.007727989404163931 0.38342989611900236 0.4704881274771867 0.7447293877340346 0.967238903924939 1.0056209848812065 1.1472760141589113 1.392169863075316 1.6957998145628428
124 1240 -0.7996727031769608 -0.28422784785281713 0.060122688999375 0.5523111038639983 0.007727989404163931 0.38342989611900236 0.4704881274771867 0.7447293877340346 0.967238903924939 1.0056209848812065 1.1472760141589113 1.392169863075316 1.6957998145628428
125 1250 -0.7939766490051486 -0.271460305106084 0.05248769851528685 0.5422058776631979 0.007727989404163931 0.38342989611900236 0.4704881274771867 0.7447293877340346 0.967238903924939 1.0056209848812065 1.1472760141589113 1.392169863075316 1.6957998145628428
126 1260 -0.7931142344095228 -0.29549811295173145 0.0491161464239709 0.540813556253993 0.007727989404163931 0.38342989611900236 0.4704881274771867 0.7447293877340346 0.967238903924939 1.0056209848812065 1.1472760141589113 1.392169863075316 1.6957998145628428
127 1270 -0.8030891545816201 -0.27756873527998555 0.04756329652877374 0.5447143174450128 0.005672127813734171 0.37807424958620156 0.4825469640861898 0.7124296897833184 0.9601575690317652 0.9890206303691433 1.1284551795431703 1.413805697590342 1.715895697847295
128 1280 -0.8044969615831348 -0.2513038937834189 0.05145142526169359 0.5416856530620675 0.005672127813734171 0.37807424958620156 0.4825469640861898 0.7124296897833184 0.9601575690317652 0.9890206303691433 1.1284551795431703 1.413805697590342 1.715895697847295
129 1290 -0.7972364890420494 -0.24190136196517814 0.024702352508350976 0.5179991220129457 0.005672127813734171 0.37807424958620156 0.4825469640861898 0.7124296897833184 0.9601575690317652 0.9890206303691433 1.1284551795431703 1.413805697590342 1.715895697847295
130 1300 -0.798619384516097 -0.23455356043072906 0.035521003972137484 0.5179059070890881 0.005672127813734171 0.37807424958620156 0.4825469640861898 0.7124296897833184 0.9601575690317652 0.9890206303691433 1.1284551795431703 1.413805697590342 1.715895697847295
131 1310 -0.7998105162037685 -0.2433134166476412 0.04846932806273423 0.5211906155741846 0.005672127813734171 0.37807424958620156 0.4825469640861898 0.7124296897833184 0.9601575690317652 0.9890206303691433 1.1284551795431703 1.413805697590342 1.715895697847295
132 1320 -0.8039981720651088 -0.25183965454408863 0.050103863842740404 0.5323179413329425 0.005672127813734171 0.37807424958620156 0.4825469640861898 0.7124296897833184 0.9601575690317652 0.9890206303691433 1.1284551795431703 1.413805697590342 1.715895697847295
133 1330 -0.7979356739428894 -0.27336337658395193 0.07064101922317421 0.5137845626461663 0.005672127813734171 0.37807424958620156 0.4825469640861898 0.7124296897833184 0.9601575690317652 0.9890206303691433 1.1284551795431703 1.413805697590342 1.715895697847295
134 1340 -0.7902539434741989 -0.3157953639890606 0.09602322729660108 0.5069008139345963 0.005672127813734171 0.37807424958620156 0.4825469640861898 0.7124296897833184 0.9601575690317652 0.9890206303691433 1.1284551795431703 1.413805697590342 1.715895697847295
135 1350 -0.8010186028927642 -0.3138448005867742 0.09569273004499809 0.5371927439964135 0.005672127813734171 0.37807424958620156 0.4825469640861898 0.7124296897833184 0.9601575690317652 0.9890206303691433 1.1284551795431703 1.413805697590342 1.715895697847295
136 1360 -0.7919279839541604 -0.28470561214851614 0.07109354907261503 0.5198758451182751 0.004333372784387614 0.39899786324241304 0.46678778100733753 0.699381781213975 0.9075364167964486 0.9735110464055821 1.0846023505461655 1.54989650607909 1.6684929352456508
137 1370 -0.7905092986868344 -0.29793538875144665 0.09776537443959966 0.5145546497440937 0.004333372784387614 0.39899786324241304 0.46678778100733753 0.699381781213975 0.9075364167964486 0.9735110464055821 1.0846023505461655 1.54989650607909 1.6684929352456508
138 1380 -0.7797599190960296 -0.2956373765015531 0.11952946178446816 0.496363810519175 0.004333372784387614 0.39899786324241304 0.46678778100733753 0.699381781213975 0.9075364167964486 0.9735110464055821 1.0846023505461655 1.54989650607909 1.6684929352456508
139 1390 -0.7689106697642463 -0.29072635928121915 0.13331181624493826 0.49955421449880233 0.004333372784387614 0.39899786324241304 0.46678778100733753 0.699381781213975 0.9075364167964486 0.9735110464055821 1.0846023505461655 1.54989650607909 1.6684929352456508
140 1400 -0.7689701303513495 -0.28048973718435266 0.1257271576538494 0.5044836464748021 0.004333372784387614 0.39899786324241304 0.46678778100733753 0.699381781213975 0.9075364167964486 0.9735110464055821 1.0846023505461655 1.54989650607909 1.6684929352456508
141 1410 -0.7533298421976963 -0.2755959749303888 0.10848676322130106 0.48348541460066735 0.004333372784387614 0.39899786324241304 0.46678778100733753 0.699381781213975 0.9075364167964486 0.9735110464055821 1.0846023505461655 1.54989650607909 1.6684929352456508
142 1420 -0.7633576488990166 -0.29844879012753406 0.10450571342563517 0.5206421054363083 0.004333372784387614 0.39899786324241304 0.46678778100733753 0.699381781213975 0.9075364167964486 0.9735110464055821 1.0846023505461655 1.54989650607909 1.6684929352456508
143 1430 -0.7712346746667111 -0.2918876439098969 0.08115041919553403 0.5304043011296641 0.004333372784387614 0.39899786324241304 0.46678778100733753 0.699381781213975 0.9075364167964486 0.9735110464055821 1.0846023505461655 1.54989650607909 1.6684929352456508
144 1440 -0.7882018541128554 -0.2905692731523179 0.08886472370643475 0.5437757041123088 0.004333372784387614 0.39899786324241304 0.46678778100733753 0.699381781213975 0.9075364167964486 0.9735110464055821 1.0846023505461655 1.54989650607909 1.6684929352456508
145 1450 -0.817637228151832 -0.32515780071287537 0.1421837180280555 0.5792345447478272 0.003201964974818306 0.3525484746465438 0.43473846102793984 0.6677330130958243 0.8232762474691364 1.0019378323278023 1.0607436295271069 1.5490892044008375 1.7419290467466146
146 1460 -0.8294437545096225 -0.3674962866213271 0.15612746082296922 0.6091458970254963 0.003201964974818306 0.3525484746465438 0.43473846102793984 0.6677330130958243 0.8232762474691364 1.0019378323278023 1.0607436295271069 1.5490892044008375 1.7419290467466146
147 1470 -0.8272569389143704 -0.3872897067944026 0.18065523571850955 0.6136243165400137 0.003201964974818306 0.3525484746465438 0.43473846102793984 0.6677330130958243 0.8232762474691364 1.0019378323278023 1.0607436295271069 1.5490892044008375 1.7419290467466146
148 1480 -0.8197033885037703 -0.3734225775555094 0.17929547184373473 0.6082093453605785 0.003201964974818306 0.3525484746465438 0.43473846102793984 0.6677330130958243 0.8232762474691364 1.0019378323278023 1.0607436295271069 1.5490892044008375 1.7419290467466146
149 1490 -0.850021054198053 -0.3534253350390718 0.14663004255700574 0.637158112787574 0.003201964974818306 0.3525484746465438 0.43473846102793984 0.6677330130958243 0.8232762474691364 1.0019378323278023 1.0607436295271069 1.5490892044008375 1.7419290467466146
150 1500 -0.8468384904934201 -0.3818457352808219 0.1354057876591242 0.6324846024875029 0.003201964974818306 0.3525484746465438 0.43473846102793984 0.6677330130958243 0.8232762474691364 1.0019378323278023 1.0607436295271069 1.5490892044008375 1.7419290467466146
151 1510 -0.8406393830032097 -0.355113960890018 0.14997970913558045 0.6273242695303755 0.003201964974818306 0.3525484746465438 0.43473846102793984 0.6677330130958243 0.8232762474691364 1.0019378323278023 1.0607436295271069 1.5490892044008375 1.7419290467466146
152 1520 -0.8411504545627915 -0.3648802843097202 0.1679675116004714 0.6293292648645188 0.003201964974818306 0.3525484746465438 0.43473846102793984 0.6677330130958243 0.8232762474691364 1.0019378323278023 1.0607436295271069 1.5490892044008375 1.7419290467466146
153 1530 -0.832263148262964 -0.3937896175065866 0.19688638063680636 0.6218443143165585 0.003201964974818306 0.3525484746465438 0.43473846102793984 0.6677330130958243 0.8232762474691364 1.0019378323278023 1.0607436295271069 1.5490892044008375 1.7419290467466146
154 1540 -0.8432909119095444 -0.3706490380587242 0.16879716355138086 0.6601910822703323 0.0025618616286314584 0.3442848487971647 0.40252852228302594 0.5477644557669107 0.6730824896245571 0.9024939511634265 0.9560315026401318 1.738074120009613 1.793586635512048
155 1550 -0.8496684626845552 -0.34663498965793216 0.2022317252982876 0.674619914165159 0.0025618616286314584 0.3442848487971647 0.40252852228302594 0.5477644557669107 0.6730824896245571 0.9024939511634265 0.9560315026401318 1.738074120009613 1.793586635512048
156 1560 -0.8403361431767618 -0.37770644939092984 0.19441716776232917 0.6497024453080918 0.0025618616286314584 0.3442848487971647 0.40252852228302594 0.5477644557669107 0.6730824896245571 0.9024939511634265 0.9560315026401318 1.738074120009613 1.793586635512048
157 1570 -0.850327238957461 -0.3770932600009371 0.2053951520356928 0.6650805087735487 0.0025618616286314584 0.3442848487971647 0.40252852228302594 0.5477644557669107 0.6730824896245571 0.9024939511634265 0.9560315026401318 1.738074120009613 1.793586635512048
158 1580 -0.840439440029288 -0.36185920868532384 0.22138917539756922 0.6435326397845053 0.0025618616286314584 0.3442848487971647 0.40252852228302594 0.5477644557669107 0.6730824896245571 0.9024939511634265 0.9560315026401318 1.738074120009613 1.793586635512048
159 1590 -0.8388880323005805 -0.366621542350485 0.2515796318361663 0.6442010793121253 0.0025618616286314584 0.3442848487971647 0.40252852228302594 0.5477644557669107 0.6730824896245571 0.9024939511634265 0.9560315026401318 1.738074120009613 1.793586635512048
160 1600 -0.8463710856230943 -0.3829815614098614 0.25149779900776426 0.6167244410151832 0.0025618616286314584 0.3442848487971647 0.40252852228302594 0.5477644557669107 0.6730824896245571 0.9024939511634265 0.9560315026401318 1.738074120009613 1.793586635512048
161 1610 -0.8453955506200692 -0.38560392853858727 0.2527125610642413 0.6096283544207978 0.0025618616286314584 0.3442848487971647 0.40252852228302594 0.5477644557669107 0.6730824896245571 0.9024939511634265 0.9560315026401318 1.738074120009613 1.793586635512048
162 1620 -0.851076800337087 -0.38586318744675147 0.2568815217485204 0.6155296209598483 0.0025618616286314584 0.3442848487971647 0.40252852228302594 0.5477644557669107 0.6730824896245571 0.9024939511634265 0.9560315026401318 1.738074120009613 1.793586635512048
163 1630 -0.8542977782788203 -0.3772306783533548 0.25094747272451434 0.6118083060094834 0.0017341673083782452 0.3209314057339129 0.4164691526682082 0.5795486881923515 0.6708130514271675 0.7811342736808222 0.9766169430645608 1.6994938335026883 1.866937583661925
164 1640 -0.8490932840784498 -0.3986416178641663 0.23913076398009597 0.6006409162235654 0.0017341673083782452 0.3209314057339129 0.4164691526682082 0.5795486881923515 0.6708130514271675 0.7811342736808222 0.9766169430645608 1.6994938335026883 1.866937583661925
165 1650 -0.8390785577204946 -0.38000674954775726 0.25925054278705617 0.5990856551966345 0.0017341673083782452 0.3209314057339129 0.4164691526682082 0.5795486881923515 0.6708130514271675 0.7811342736808222 0.9766169430645608 1.6994938335026883 1.866937583661925
166 1660 -0.8421534368007031 -0.3704976340431387 0.24715409335939809 0.589474032235873 0.0017341673083782452 0.3209314057339129 0.4164691526682082 0.5795486881923515 0.6708130514271675 0.7811342736808222 0.9766169430645608 1.6994938335026883 1.866937583661925
167 1670 -0.8513647496125131 -0.36108321066156013 0.25911249793717694 0.6202986649345791 0.0017341673083782452 0.3209314057339129 0.4164691526682082 0.5795486881923515 0.6708130514271675 0.7811342736808222 0.9766169430645608 1.6994938335026883 1.866937583661925
168 1680 -0.856708273478024 -0.3710999598896768 0.2673861530387545 0.6554449975633246 0.0017341673083782452 0.3209314057339129 0.4164691526682082 0.5795486881923515 0.6708130514271675 0.7811342736808222 0.9766169430645608 1.6994938335026883 1.866937583661925
169 1690 -0.8613687041246539 -0.3895075060040587 0.2848183976479443 0.6524333431487814 0.0017341673083782452 0.3209314057339129 0.4164691526682082 0.5795486881923515 0.6708130514271675 0.7811342736808222 0.9766169430645608 1.6994938335026883 1.866937583661925
170 1700 -0.8621938889730485 -0.4006293783592382 0.28207175605451573 0.6473031100265043 0.0017341673083782452 0.3209314057339129 0.4164691526682082 0.5795486881923515 0.6708130514271675 0.7811342736808222 0.9766169430645608 1.6994938335026883 1.866937583661925
171 1710 -0.8613801308006189 -0.39930686547550565 0.2717757591750154 0.6485687829783124 0.0017341673083782452 0.3209314057339129 0.4164691526682082 0.5795486881923515 0.6708130514271675 0.7811342736808222 0.9766169430645608 1.6994938335026883 1.866937583661925
172 1720 -0.8609316949798687 -0.42651991891195185 0.2829854083021982 0.6518583915319351 0.0013021214527415667 0.29659013352606095 0.4430643287939672 0.5894920679127147 0.7114625603993746 0.7626448691697117 1.0154444143973047 1.5135562347845783 1.989582793875687
173 1730 -0.8753632313252092 -0.44253526810412436 0.2829883055849174 0.6697085141025718 0.0013021214527415667 0.29659013352606095 0.4430643287939672 0.5894920679127147 0.7114625603993746 0.7626448691697117 1.0154444143973047 1.5135562347845783 1.989582793875687
174 1740 -0.8845626027136567 -0.4444462778039643 0.30362714714377653 0.7006089913074814 0.0013021214527415667 0.29659013352606095 0.4430643287939672 0.5894920679127147 0.7114625603993746 0.7626448691697117 1.0154444143973047 1.5135562347845783 1.989582793875687
175 1750 -0.8910759111885133 -0.4572410056639553 0.33635152681455704 0.7132232252602174 0.0013021214527415667 0.29659013352606095 0.4430643287939672 0.5894920679127147 0.7114625603993746 0.7626448691697117 1.0154444143973047 1.5135562347845783 1.989582793875687
176 1760 -0.8908014893811573 -0.43705942841854606 0.35860021119492846 0.7190519883081957 0.0013021214527415667 0.29659013352606095 0.4430643287939672 0.5894920679127147 0.7114625603993746 0.7626448691697117 1.0154444143973047 1.5135562347845783 1.989582793875687
177 1770 -0.8864868111933019 -0.4458658953960789 0.36188927365884305 0.72217738807058 0.0013021214527415667 0.29659013352606095 0.4430643287939672 0.5894920679127147 0.7114625603993746 0.7626448691697117 1.0154444143973047 1.5135562347845783 1.989582793875687
178 1780 -0.880779047121978 -0.4296276588754576 0.3563996684182033 0.7105320441915904 0.0013021214527415667 0.29659013352606095 0.4430643287939672 0.5894920679127147 0.7114625603993746 0.7626448691697117 1.0154444143973047 1.5135562347845783 1.989582793875687
179 1790 -0.8849215874456466 -0.43932124284578444 0.359571585565861 0.7306802268719589 0.0013021214527415667 0.29659013352606095 0.4430643287939672 0.5894920679127147 0.7114625603993746 0.7626448691697117 1.0154444143973047 1.5135562347845783 1.989582793875687
180 1800 -0.8865271163462237 -0.4670361048856887 0.3748741133764125 0.7205128613906843 0.0013021214527415667 0.29659013352606095 0.4430643287939672 0.5894920679127147 0.7114625603993746 0.7626448691697117 1.0154444143973047 1.5135562347845783 1.989582793875687
181 1810 -0.8840139674898173 -0.46758072190318767 0.3887729838710984 0.7170162739159376 0.001111220709454027 0.29902224900937463 0.4368130644314829 0.625038316374274 0.7298561673555537 0.7587415046601209 0.9983567252129351 1.4199767015908826 2.051262350318028
182 1820 -0.8862845974067554 -0.4610419787007247 0.38206243898725634 0.7195178135858304 0.001111220709454027 0.29902224900937463 0.4368130644314829 0.625038316374274 0.7298561673555537 0.7587415046601209 0.9983567252129351 1.4199767015908826 2.051262350318028
183 1830 -0.8863070893364082 -0.47543698547536967 0.39557750094613664 0.7302404221224436 0.001111220709454027 0.29902224900937463 0.4368130644314829 0.625038316374274 0.7298561673555537 0.7587415046601209 0.9983567252129351 1.4199767015908826 2.051262350318028
184 1840 -0.8933974033778321 -0.48865445223606063 0.4189141021194934 0.7331346175977163 0.001111220709454027 0.29902224900937463 0.4368130644314829 0.625038316374274 0.7298561673555537 0.7587415046601209 0.9983567252129351 1.4199767015908826 2.051262350318028
185 1850 -0.8902912286590974 -0.4682283972175788 0.3913084022473998 0.7246959290296845 0.001111220709454027 0.29902224900937463 0.4368130644314829 0.625038316374274 0.7298561673555537 0.7587415046601209 0.9983567252129351 1.4199767015908826 2.051262350318028
186 1860 -0.8908567032540956 -0.4463799776473971 0.3872904001631915 0.7155431077918222 0.001111220709454027 0.29902224900937463 0.4368130644314829 0.625038316374274 0.7298561673555537 0.7587415046601209 0.9983567252129351 1.4199767015908826 2.051262350318028
187 1870 -0.8755690197759177 -0.43420372477119407 0.3640424253586313 0.6616367779271692 0.001111220709454027 0.29902224900937463 0.4368130644314829 0.625038316374274 0.7298561673555537 0.7587415046601209 0.9983567252129351 1.4199767015908826 2.051262350318028
188 1880 -0.8708332551146304 -0.4586830190131308 0.36635900899530655 0.6952938014440456 0.001111220709454027 0.29902224900937463 0.4368130644314829 0.625038316374274 0.7298561673555537 0.7587415046601209 0.9983567252129351 1.4199767015908826 2.051262350318028
189 1890 -0.8770358615673401 -0.4658476276990932 0.36734258287572186 0.6967049031804825 0.001111220709454027 0.29902224900937463 0.4368130644314829 0.625038316374274 0.7298561673555537 0.7587415046601209 0.9983567252129351 1.4199767015908826 2.051262350318028
190 1900 -0.8906294834129955 -0.44211506602368844 0.37095025955357463 0.672678282170373 0.0008588822133781285 0.3316065115308798 0.41416524265036864 0.5857874819373875 0.6555614392413993 0.7365509556710396 1.019555192332675 1.4106874553526387 2.091304990620805
191 1910 -0.8918965040491827 -0.4262231956276179 0.3326520612786956 0.6915821308343449 0.0008588822133781285 0.3316065115308798 0.41416524265036864 0.5857874819373875 0.6555614392413993 0.7365509556710396 1.019555192332675 1.4106874553526387 2.091304990620805
192 1920 -0.8933175080888799 -0.4232941417702891 0.3390390522537764 0.6974972469431199 0.0008588822133781285 0.3316065115308798 0.41416524265036864 0.5857874819373875 0.6555614392413993 0.7365509556710396 1.019555192332675 1.4106874553526387 2.091304990620805
193 1930 -0.8961236338603931 -0.3936097855464157 0.3403393474138847 0.7016042875476833 0.0008588822133781285 0.3316065115308798 0.41416524265036864 0.5857874819373875 0.6555614392413993 0.7365509556710396 1.019555192332675 1.4106874553526387 2.091304990620805
194 1940 -0.8947136484455503 -0.39142047306991534 0.3211866259833895 0.7012548120187555 0.0008588822133781285 0.3316065115308798 0.41416524265036864 0.5857874819373875 0.6555614392413993 0.7365509556710396 1.019555192332675 1.4106874553526387 2.091304990620805
195 1950 -0.893486639652227 -0.3838662741022043 0.2818280755688801 0.7072872026660172 0.0008588822133781285 0.3316065115308798 0.41416524265036864 0.5857874819373875 0.6555614392413993 0.7365509556710396 1.019555192332675 1.4106874553526387 2.091304990620805
196 1960 -0.8943419444213494 -0.3830613553193294 0.2704180870397789 0.6966386711544291 0.0008588822133781285 0.3316065115308798 0.41416524265036864 0.5857874819373875 0.6555614392413993 0.7365509556710396 1.019555192332675 1.4106874553526387 2.091304990620805
197 1970 -0.9001566951192873 -0.37920641513717673 0.2775027773630976 0.6953606186049129 0.0008588822133781285 0.3316065115308798 0.41416524265036864 0.5857874819373875 0.6555614392413993 0.7365509556710396 1.019555192332675 1.4106874553526387 2.091304990620805
198 1980 -0.9021966718693427 -0.39173440986444075 0.2780004791316405 0.6901895431352465 0.0008588822133781285 0.3316065115308798 0.41416524265036864 0.5857874819373875 0.6555614392413993 0.7365509556710396 1.019555192332675 1.4106874553526387 2.091304990620805
199 1990 -0.9098308061615709 -0.39731654770113073 0.2701691686734492 0.7024604810960269 0.0007046916083775613 0.3228547018830673 0.41269535451534156 0.5842030066252814 0.6213224172505223 0.7139476899937708 1.0414546133715872 1.4699131337106468 2.059883140787283
200 2000 -0.9155871105895675 -0.3623284698568642 0.23211350624331478 0.6761380443226249 0.0007046916083775613 0.3228547018830673 0.41269535451534156 0.5842030066252814 0.6213224172505223 0.7139476899937708 1.0414546133715872 1.4699131337106468 2.059883140787283
201 2010 -0.908321408717702 -0.37422224581144115 0.24663519171904136 0.6972887212101821 0.0007046916083775613 0.3228547018830673 0.41269535451534156 0.5842030066252814 0.6213224172505223 0.7139476899937708 1.0414546133715872 1.4699131337106468 2.059883140787283
202 2020 -0.9172691655781716 -0.3830663357362434 0.24959586624030256 0.7089137366529265 0.0007046916083775613 0.3228547018830673 0.41269535451534156 0.5842030066252814 0.6213224172505223 0.7139476899937708 1.0414546133715872 1.4699131337106468 2.059883140787283
203 2030 -0.9165525479699909 -0.41919146050840134 0.2513909952434562 0.7042222129733458 0.0007046916083775613 0.3228547018830673 0.41269535451534156 0.5842030066252814 0.6213224172505223 0.7139476899937708 1.0414546133715872 1.4699131337106468 2.059883140787283
204 2040 -0.9184690638359262 -0.48055336855810443 0.28334723441169496 0.7081743659885645 0.0007046916083775613 0.3228547018830673 0.41269535451534156 0.5842030066252814 0.6213224172505223 0.7139476899937708 1.0414546133715872 1.4699131337106468 2.059883140787283
205 2050 -0.9209769463318421 -0.47677789882977395 0.2755270579312438 0.7050683230367509 0.0007046916083775613 0.3228547018830673 0.41269535451534156 0.5842030066252814 0.6213224172505223 0.7139476899937708 1.0414546133715872 1.4699131337106468 2.059883140787283
206 2060 -0.9143769702855195 -0.49351772182542075 0.26975194423837434 0.7119652024910903 0.0007046916083775613 0.3228547018830673 0.41269535451534156 0.5842030066252814 0.6213224172505223 0.7139476899937708 1.0414546133715872 1.4699131337106468 2.059883140787283
207 2070 -0.9241379363562292 -0.5138790028407192 0.2662647816375968 0.7331153871977485 0.0007046916083775613 0.3228547018830673 0.41269535451534156 0.5842030066252814 0.6213224172505223 0.7139476899937708 1.0414546133715872 1.4699131337106468 2.059883140787283
208 2080 -0.9283501697052485 -0.502735746124235 0.26717854710157574 0.7682036378398455 0.0004295415585645897 0.2552377864532083 0.30160545009875506 0.45906273864392355 0.6143661225052567 0.7242618243593529 1.1223676772604914 1.244029265933349 2.21897050502158
209 2090 -0.9266619251570579 -0.5320169168259683 0.2862045161240262 0.7846678216938711 0.0004295415585645897 0.2552377864532083 0.30160545009875506 0.45906273864392355 0.6143661225052567 0.7242618243593529 1.1223676772604914 1.244029265933349 2.21897050502158
210 2100 -0.9183289455236996 -0.5725865549562361 0.30366213367751516 0.7899875146399689 0.0004295415585645897 0.2552377864532083 0.30160545009875506 0.45906273864392355 0.6143661225052567 0.7242618243593529 1.1223676772604914 1.244029265933349 2.21897050502158
211 2110 -0.9229424639356227 -0.6099684679936005 0.35247523866971275 0.8234884105473738 0.0004295415585645897 0.2552377864532083 0.30160545009875506 0.45906273864392355 0.6143661225052567 0.7242618243593529 1.1223676772604914 1.244029265933349 2.21897050502158
212 2120 -0.92793513807842 -0.6379383278960813 0.38928816193657556 0.8388240629516188 0.0004295415585645897 0.2552377864532083 0.30160545009875506 0.45906273864392355 0.6143661225052567 0.7242618243593529 1.1223676772604914 1.244029265933349 2.21897050502158
213 2130 -0.931120311617 -0.6332943069059196 0.3941265564403904 0.8337254680392099 0.0004295415585645897 0.2552377864532083 0.30160545009875506 0.45906273864392355 0.6143661225052567 0.7242618243593529 1.1223676772604914 1.244029265933349 2.21897050502158
214 2140 -0.9409328977548445 -0.6731754580941611 0.4695175627280966 0.8435261089499374 0.0004295415585645897 0.2552377864532083 0.30160545009875506 0.45906273864392355 0.6143661225052567 0.7242618243593529 1.1223676772604914 1.244029265933349 2.21897050502158
215 2150 -0.9466576306708663 -0.7000962231482509 0.5092996729239456 0.8496892913317894 0.0004295415585645897 0.2552377864532083 0.30160545009875506 0.45906273864392355 0.6143661225052567 0.7242618243593529 1.1223676772604914 1.244029265933349 2.21897050502158
216 2160 -0.9504940508388006 -0.7009328698858659 0.5183148993372805 0.8521826554442095 0.0004295415585645897 0.2552377864532083 0.30160545009875506 0.45906273864392355 0.6143661225052567 0.7242618243593529 1.1223676772604914 1.244029265933349 2.21897050502158
217 2170 -0.9520348591383546 -0.6927437599956705 0.5059403338408999 0.8645619481903739 0.00025517471176675946 0.18300658947969708 0.23586246351686183 0.36074618727881574 0.4921345214203086 0.6291646447269935 0.9483217300762056 1.1643086682125385 2.4264719849614593
218 2180 -0.95046711300474 -0.6889263995259233 0.5092773211133378 0.8606324827379735 0.00025517471176675946 0.18300658947969708 0.23586246351686183 0.36074618727881574 0.4921345214203086 0.6291646447269935 0.9483217300762056 1.1643086682125385 2.4264719849614593
219 2190 -0.9524796518938439 -0.67009533180639 0.5065862887656223 0.8588365450518638 0.00025517471176675946 0.18300658947969708 0.23586246351686183 0.36074618727881574 0.4921345214203086 0.6291646447269935 0.9483217300762056 1.1643086682125385 2.4264719849614593
220 2200 -0.9530852021848013 -0.656167414425075 0.5302094086475351 0.8491363824291999 0.00025517471176675946 0.18300658947969708 0.23586246351686183 0.36074618727881574 0.4921345214203086 0.6291646447269935 0.9483217300762056 1.1643086682125385 2.4264719849614593
221 2210 -0.9622920784655193 -0.6821128973318524 0.5580498407839753 0.8709391220361523 0.00025517471176675946 0.18300658947969708 0.23586246351686183 0.36074618727881574 0.4921345214203086 0.6291646447269935 0.9483217300762056 1.1643086682125385 2.4264719849614593
222 2220 -0.9604361532656127 -0.6853796817481086 0.550044450024365 0.8712331390677711 0.00025517471176675946 0.18300658947969708 0.23586246351686183 0.36074618727881574 0.4921345214203086 0.6291646447269935 0.9483217300762056 1.1643086682125385 2.4264719849614593
223 2230 -0.9568802858807631 -0.6577876508527767 0.5365781677644483 0.8684971656878294 0.00025517471176675946 0.18300658947969708 0.23586246351686183 0.36074618727881574 0.4921345214203086 0.6291646447269935 0.9483217300762056 1.1643086682125385 2.4264719849614593
224 2240 -0.959413954895974 -0.6498891386731163 0.570120485506733 0.8794898470494393 0.00025517471176675946 0.18300658947969708 0.23586246351686183 0.36074618727881574 0.4921345214203086 0.6291646447269935 0.9483217300762056 1.1643086682125385 2.4264719849614593
225 2250 -0.9652556109989202 -0.6439616010389757 0.5379307210885873 0.8931545705281193 0.00025517471176675946 0.18300658947969708 0.23586246351686183 0.36074618727881574 0.4921345214203086 0.6291646447269935 0.9483217300762056 1.1643086682125385 2.4264719849614593
226 2260 -0.9659399612826859 -0.6425968541282818 0.5301684488525462 0.8988941164043238 0.0001662879716532301 0.16041005625747232 0.23250255782430043 0.31582482926618355 0.5316526327435247 0.5549465221312297 1.0087396359163077 1.1187773834152035 2.4414395698000244
227 2270 -0.9698696497805903 -0.6468577553591306 0.5264075229147486 0.9099254629606138 0.0001662879716532301 0.16041005625747232 0.23250255782430043 0.31582482926618355 0.5316526327435247 0.5549465221312297 1.0087396359163077 1.1187773834152035 2.4414395698000244
228 2280 -0.9720167107813128 -0.6625279765943106 0.541484046636724 0.9162051431512543 0.0001662879716532301 0.16041005625747232 0.23250255782430043 0.31582482926618355 0.5316526327435247 0.5549465221312297 1.0087396359163077 1.1187773834152035 2.4414395698000244
229 2290 -0.9769055725777278 -0.673477926693234 0.5625089417023015 0.9198669252040019 0.0001662879716532301 0.16041005625747232 0.23250255782430043 0.31582482926618355 0.5316526327435247 0.5549465221312297 1.0087396359163077 1.1187773834152035 2.4414395698000244
230 2300 -0.9811071708975263 -0.7241774787395142 0.5855609680032763 0.9301441500141971 0.0001662879716532301 0.16041005625747232 0.23250255782430043 0.31582482926618355 0.5316526327435247 0.5549465221312297 1.0087396359163077 1.1187773834152035 2.4414395698000244
231 2310 -0.9838529293412007 -0.7361617956406015 0.6021822117112491 0.940523494852289 0.0001662879716532301 0.16041005625747232 0.23250255782430043 0.31582482926618355 0.5316526327435247 0.5549465221312297 1.0087396359163077 1.1187773834152035 2.4414395698000244
232 2320 -0.9869017156697706 -0.7773860280717935 0.6260993958294199 0.9510135786687725 0.0001662879716532301 0.16041005625747232 0.23250255782430043 0.31582482926618355 0.5316526327435247 0.5549465221312297 1.0087396359163077 1.1187773834152035 2.4414395698000244
233 2330 -0.9888331256507821 -0.8036585085417918 0.6246152340631718 0.9572847180070456 0.0001662879716532301 0.16041005625747232 0.23250255782430043 0.31582482926618355 0.5316526327435247 0.5549465221312297 1.0087396359163077 1.1187773834152035 2.4414395698000244
234 2340 -0.9889645246059428 -0.8191520827935197 0.6240700507333921 0.9593090873101492 0.0001662879716532301 0.16041005625747232 0.23250255782430043 0.31582482926618355 0.5316526327435247 0.5549465221312297 1.0087396359163077 1.1187773834152035 2.4414395698000244
235 2350 -0.9893546129344614 -0.8283980901817023 0.6271350140519628 0.9582300805918814 8.207137568893932e-05 0.11961139230934008 0.19314197357096602 0.2543947580898703 0.3802605003451405 0.4834803427281021 0.7706789068882907 1.0770297959633053 2.5983421915431215
236 2360 -0.9898731898659271 -0.8372819414393076 0.6340363866736852 0.9604858631503355 8.207137568893932e-05 0.11961139230934008 0.19314197357096602 0.2543947580898703 0.3802605003451405 0.4834803427281021 0.7706789068882907 1.0770297959633053 2.5983421915431215
237 2370 -0.9881874617005978 -0.8194147061983253 0.6325244654624063 0.9524828041437405 8.207137568893932e-05 0.11961139230934008 0.19314197357096602 0.2543947580898703 0.3802605003451405 0.4834803427281021 0.7706789068882907 1.0770297959633053 2.5983421915431215
238 2380 -0.9884003908835789 -0.8159792246545357 0.6309610889426736 0.9540235141945663 8.207137568893932e-05 0.11961139230934008 0.19314197357096602 0.2543947580898703 0.3802605003451405 0.4834803427281021 0.7706789068882907 1.0770297959633053 2.5983421915431215
239 2390 -0.987482402825591 -0.7991029248207748 0.6086381172178843 0.9464711208418548 8.207137568893932e-05 0.11961139230934008 0.19314197357096602 0.2543947580898703 0.3802605003451405 0.4834803427281021 0.7706789068882907 1.0770297959633053 2.5983421915431215
240 2400 -0.9878368331819646 -0.8057096112684097 0.6159952742584063 0.9465392386371377 8.207137568893932e-05 0.11961139230934008 0.19314197357096602 0.2543947580898703 0.3802605003451405 0.4834803427281021 0.7706789068882907 1.0770297959633053 2.5983421915431215
241 2410 -0.9871491950988149 -0.8099711810349906 0.6236070529149813 0.9448417651199481 8.207137568893932e-05 0.11961139230934008 0.19314197357096602 0.2543947580898703 0.3802605003451405 0.4834803427281021 0.7706789068882907 1.0770297959633053 2.5983421915431215
242 2420 -0.9862837024209665 -0.8015145390628643 0.6435850914748515 0.9438943918195073 8.207137568893932e-05 0.11961139230934008 0.19314197357096602 0.2543947580898703 0.3802605003451405 0.4834803427281021 0.7706789068882907 1.0770297959633053 2.5983421915431215
243 2430 -0.9880474016593569 -0.8078101245283777 0.6914128934496544 0.9501004309796389 8.207137568893932e-05 0.11961139230934008 0.19314197357096602 0.2543947580898703 0.3802605003451405 0.4834803427281021 0.7706789068882907 1.0770297959633053 2.5983421915431215
244 2440 -0.9881581322902685 -0.8083026945210465 0.6925745811585586 0.9472873024823709 6.77888536276407e-05 0.1218467737153988 0.22857224474158858 0.27218958050691544 0.3325208297655597 0.5150951161375886 0.6311275014279605 1.145035487722472 2.6025947914029506
245 2450 -0.989078486973027 -0.8074201385367883 0.700512623027755 0.9455736262357397 6.77888536276407e-05 0.1218467737153988 0.22857224474158858 0.27218958050691544 0.3325208297655597 0.5150951161375886 0.6311275014279605 1.145035487722472 2.6025947914029506
246 2460 -0.9887742340398143 -0.8060158847319716 0.7027074233169184 0.943768577884415 6.77888536276407e-05 0.1218467737153988 0.22857224474158858 0.27218958050691544 0.3325208297655597 0.5150951161375886 0.6311275014279605 1.145035487722472 2.6025947914029506
247 2470 -0.9884883353866314 -0.8085767703661404 0.7156479648346558 0.9451635328971705 6.77888536276407e-05 0.1218467737153988 0.22857224474158858 0.27218958050691544 0.3325208297655597 0.5150951161375886 0.6311275014279605 1.145035487722472 2.6025947914029506
248 2480 -0.9887851169546408 -0.8186833356988322 0.7361810999654987 0.9464558730898001 6.77888536276407e-05 0.1218467737153988 0.22857224474158858 0.27218958050691544 0.3325208297655597 0.5150951161375886 0.6311275014279605 1.145035487722472 2.6025947914029506
249 2490 -0.9882745612477781 -0.8090780547328924 0.7299299900119229 0.9460682403024485 6.77888536276407e-05 0.1218467737153988 0.22857224474158858 0.27218958050691544 0.3325208297655597 0.5150951161375886 0.6311275014279605 1.145035487722472 2.6025947914029506
250 2500 -0.9868925352933812 -0.8019047576150651 0.7036683247261366 0.9374912930365147 6.77888536276407e-05 0.1218467737153988 0.22857224474158858 0.27218958050691544 0.3325208297655597 0.5150951161375886 0.6311275014279605 1.145035487722472 2.6025947914029506
251 2510 -0.9871197342010386 -0.7947808883702603 0.6941164689001675 0.9368738679162478 6.77888536276407e-05 0.1218467737153988 0.22857224474158858 0.27218958050691544 0.3325208297655597 0.5150951161375886 0.6311275014279605 1.145035487722472 2.6025947914029506
252 2520 -0.9875033118903059 -0.7969252388625834 0.7018069851489888 0.9399559107030929 6.77888536276407e-05 0.1218467737153988 0.22857224474158858 0.27218958050691544 0.3325208297655597 0.5150951161375886 0.6311275014279605 1.145035487722472 2.6025947914029506
253 2530 -0.9863169458133006 -0.7830642748135557 0.698632785067931 0.9348726659459786 5.548691347301348e-05 0.1307460807170246 0.23413683027858398 0.26925619098343184 0.2902294272853862 0.4508944361879403 0.5917176784721138 1.225065536036389 2.591743084484713
254 2540 -0.9865378438273852 -0.7814592753799197 0.6980844817602156 0.932369659669309 5.548691347301348e-05 0.1307460807170246 0.23413683027858398 0.26925619098343184 0.2902294272853862 0.4508944361879403 0.5917176784721138 1.225065536036389 2.591743084484713
255 2550 -0.9864975432830076 -0.7817178578032358 0.698519769792882 0.9353993328585866 5.548691347301348e-05 0.1307460807170246 0.23413683027858398 0.26925619098343184 0.2902294272853862 0.4508944361879403 0.5917176784721138 1.225065536036389 2.591743084484713
256 2560 -0.98631118226371 -0.7902371726802441 0.6996571039328254 0.9331384716972195 5.548691347301348e-05 0.1307460807170246 0.23413683027858398 0.26925619098343184 0.2902294272853862 0.4508944361879403 0.5917176784721138 1.225065536036389 2.591743084484713
257 2570 -0.9851938279309578 -0.7919817970008107 0.7116383620674458 0.9344791739669671 5.548691347301348e-05 0.1307460807170246 0.23413683027858398 0.26925619098343184 0.2902294272853862 0.4508944361879403 0.5917176784721138 1.225065536036389 2.591743084484713
258 2580 -0.9856106605114233 -0.7892643384200089 0.7124749077676533 0.933791711472438 5.548691347301348e-05 0.1307460807170246 0.23413683027858398 0.26925619098343184 0.2902294272853862 0.4508944361879403 0.5917176784721138 1.225065536036389 2.591743084484713
259 2590 -0.9851445385742347 -0.7939824372907288 0.7131712957721303 0.9353918053395179 5.548691347301348e-05 0.1307460807170246 0.23413683027858398 0.26925619098343184 0.2902294272853862 0.4508944361879403 0.5917176784721138 1.225065536036389 2.591743084484713
260 2600 -0.9847371647532089 -0.791657552912725 0.7165217213183146 0.9356555303114876 5.548691347301348e-05 0.1307460807170246 0.23413683027858398 0.26925619098343184 0.2902294272853862 0.4508944361879403 0.5917176784721138 1.225065536036389 2.591743084484713
261 2610 -0.9845500306366022 -0.7869629440072261 0.713247770528753 0.9423986899151551 5.548691347301348e-05 0.1307460807170246 0.23413683027858398 0.26925619098343184 0.2902294272853862 0.4508944361879403 0.5917176784721138 1.225065536036389 2.591743084484713
262 2620 -0.9848157377641388 -0.8019334471047803 0.7366083081104714 0.9475475408628624 4.439990219985012e-05 0.12572585214901266 0.20239383904878913 0.23933596312155728 0.30023183534718256 0.4347754918443586 0.5464147117878438 1.179728044549012 2.629914800746167
263 2630 -0.9857323457971793 -0.8040626179856342 0.7452662815159662 0.9509692807320483 4.439990219985012e-05 0.12572585214901266 0.20239383904878913 0.23933596312155728 0.30023183534718256 0.4347754918443586 0.5464147117878438 1.179728044549012 2.629914800746167
264 2640 -0.9855956825000523 -0.8127491410760947 0.7529353263101695 0.9520802150588292 4.439990219985012e-05 0.12572585214901266 0.20239383904878913 0.23933596312155728 0.30023183534718256 0.4347754918443586 0.5464147117878438 1.179728044549012 2.629914800746167
265 2650 -0.9847256089514542 -0.8181900049991411 0.7597459320808057 0.9540805004313033 4.439990219985012e-05 0.12572585214901266 0.20239383904878913 0.23933596312155728 0.30023183534718256 0.4347754918443586 0.5464147117878438 1.179728044549012 2.629914800746167
266 2660 -0.983974616542585 -0.8273574340608643 0.7517048908867936 0.9529911205397248 4.439990219985012e-05 0.12572585214901266 0.20239383904878913 0.23933596312155728 0.30023183534718256 0.4347754918443586 0.5464147117878438 1.179728044549012 2.629914800746167
267 2670 -0.9819381613908404 -0.8236256027703901 0.7432044988277045 0.9508171323846187 4.439990219985012e-05 0.12572585214901266 0.20239383904878913 0.23933596312155728 0.30023183534718256 0.4347754918443586 0.5464147117878438 1.179728044549012 2.629914800746167
268 2680 -0.9798051348734936 -0.8222263956376938 0.7449323427539608 0.9485178996641881 4.439990219985012e-05 0.12572585214901266 0.20239383904878913 0.23933596312155728 0.30023183534718256 0.4347754918443586 0.5464147117878438 1.179728044549012 2.629914800746167
269 2690 -0.9784374077798983 -0.8165974072602098 0.7334198147843183 0.9430206712353698 4.439990219985012e-05 0.12572585214901266 0.20239383904878913 0.23933596312155728 0.30023183534718256 0.4347754918443586 0.5464147117878438 1.179728044549012 2.629914800746167
270 2700 -0.9788685055310596 -0.831506902094008 0.7484489224748356 0.9453946014343543 4.439990219985012e-05 0.12572585214901266 0.20239383904878913 0.23933596312155728 0.30023183534718256 0.4347754918443586 0.5464147117878438 1.179728044549012 2.629914800746167
271 2710 -0.9782978919711034 -0.8327854300724612 0.7449312719001605 0.9447994904028105 3.4638205955120596e-05 0.135336144015527 0.19389654655878583 0.20804573794850284 0.33745488863561224 0.4164622401735013 0.5318303773738084 1.219491676059928 2.616005567548705
272 2720 -0.9760586222339083 -0.8193205063857711 0.7218439563642502 0.9398851448553789 3.4638205955120596e-05 0.135336144015527 0.19389654655878583 0.20804573794850284 0.33745488863561224 0.4164622401735013 0.5318303773738084 1.219491676059928 2.616005567548705
273 2730 -0.9761592221898417 -0.8248228373383527 0.7206857097951836 0.9432857098347939 3.4638205955120596e-05 0.135336144015527 0.19389654655878583 0.20804573794850284 0.33745488863561224 0.4164622401735013 0.5318303773738084 1.219491676059928 2.616005567548705
274 2740 -0.976982159748509 -0.8311561953138864 0.7199860273133366 0.9459439362070594 3.4638205955120596e-05 0.135336144015527 0.19389654655878583 0.20804573794850284 0.33745488863561224 0.4164622401735013 0.5318303773738084 1.219491676059928 2.616005567548705
275 2750 -0.9735652252395285 -0.824371797490333 0.7171873920887719 0.9483954097698332 3.4638205955120596e-05 0.135336144015527 0.19389654655878583 0.20804573794850284 0.33745488863561224 0.4164622401735013 0.5318303773738084 1.219491676059928 2.616005567548705
276 2760 -0.9734835238099626 -0.8238008948584759 0.7143941469098019 0.9482499429914076 3.4638205955120596e-05 0.135336144015527 0.19389654655878583 0.20804573794850284 0.33745488863561224 0.4164622401735013 0.5318303773738084 1.219491676059928 2.616005567548705
277 2770 -0.9696473619153856 -0.8149494374310016 0.705220971079334 0.9452485402808227 3.4638205955120596e-05 0.135336144015527 0.19389654655878583 0.20804573794850284 0.33745488863561224 0.4164622401735013 0.5318303773738084 1.219491676059928 2.616005567548705
278 2780 -0.9681560316456331 -0.813645474946912 0.7187770350293881 0.945720421950583 3.4638205955120596e-05 0.135336144015527 0.19389654655878583 0.20804573794850284 0.33745488863561224 0.4164622401735013 0.5318303773738084 1.219491676059928 2.616005567548705
279 2790 -0.9670888428332569 -0.8073092339809003 0.7058610866789007 0.943314323120837 3.4638205955120596e-05 0.135336144015527 0.19389654655878583 0.20804573794850284 0.33745488863561224 0.4164622401735013 0.5318303773738084 1.219491676059928 2.616005567548705
280 2800 -0.9664511139808828 -0.8065473099948806 0.6944391119119019 0.942320524694314 3.3039447943175675e-05 0.13710716811012 0.1877320559949675 0.2296562126530407 0.38189588151789816 0.4371809757477408 0.5355713489878166 1.3570869234402203 2.5352954591127697
281 2810 -0.9677989603059358 -0.8138875004243553 0.7113786341072692 0.9471381762678485 3.3039447943175675e-05 0.13710716811012 0.1877320559949675 0.2296562126530407 0.38189588151789816 0.4371809757477408 0.5355713489878166 1.3570869234402203 2.5352954591127697
282 2820 -0.9677716109476603 -0.8201864513465211 0.7231596986959039 0.9510629098808151 3.3039447943175675e-05 0.13710716811012 0.1877320559949675 0.2296562126530407 0.38189588151789816 0.4371809757477408 0.5355713489878166 1.3570869234402203 2.5352954591127697
283 2830 -0.9678403671203715 -0.8166034602795862 0.7124822299802661 0.9525987913773629 3.3039447943175675e-05 0.13710716811012 0.1877320559949675 0.2296562126530407 0.38189588151789816 0.4371809757477408 0.5355713489878166 1.3570869234402203 2.5352954591127697
284 2840 -0.9646334671315357 -0.803687850511011 0.7045890156095203 0.9503409176383785 3.3039447943175675e-05 0.13710716811012 0.1877320559949675 0.2296562126530407 0.38189588151789816 0.4371809757477408 0.5355713489878166 1.3570869234402203 2.5352954591127697
285 2850 -0.9633089349311041 -0.7952386146890154 0.6884422099951495 0.9488327967587254 3.3039447943175675e-05 0.13710716811012 0.1877320559949675 0.2296562126530407 0.38189588151789816 0.4371809757477408 0.5355713489878166 1.3570869234402203 2.5352954591127697
286 2860 -0.9610290005643389 -0.7787245163729052 0.6698030962174271 0.9469607482545411 3.3039447943175675e-05 0.13710716811012 0.1877320559949675 0.2296562126530407 0.38189588151789816 0.4371809757477408 0.5355713489878166 1.3570869234402203 2.5352954591127697
287 2870 -0.9613519352888555 -0.7879955901218099 0.6720568095579622 0.9454926754593223 3.3039447943175675e-05 0.13710716811012 0.1877320559949675 0.2296562126530407 0.38189588151789816 0.4371809757477408 0.5355713489878166 1.3570869234402203 2.5352954591127697
288 2880 -0.9648809007306801 -0.7844163476068572 0.6623096137109745 0.9437962878714697 3.3039447943175675e-05 0.13710716811012 0.1877320559949675 0.2296562126530407 0.38189588151789816 0.4371809757477408 0.5355713489878166 1.3570869234402203 2.5352954591127697
289 2890 -0.9647914791676796 -0.7849995750096632 0.6709354115466512 0.9453460984890671 2.759350859491148e-05 0.1459805646749322 0.1796599318992856 0.25893238305807204 0.3821572103674955 0.4701566586850623 0.6004805265495151 1.3232052631849354 2.5299852875900948
290 2900 -0.960666001394995 -0.7669401444210369 0.6594072174375762 0.9440223903975343 2.759350859491148e-05 0.1459805646749322 0.1796599318992856 0.25893238305807204 0.3821572103674955 0.4701566586850623 0.6004805265495151 1.3232052631849354 2.5299852875900948
291 2910 -0.9549728397945602 -0.7434275090753291 0.6404580016619089 0.9431850235498209 2.759350859491148e-05 0.1459805646749322 0.1796599318992856 0.25893238305807204 0.3821572103674955 0.4701566586850623 0.6004805265495151 1.3232052631849354 2.5299852875900948
292 2920 -0.9552490198735228 -0.730158037374617 0.6345367399591268 0.944970148853394 2.759350859491148e-05 0.1459805646749322 0.1796599318992856 0.25893238305807204 0.3821572103674955 0.4701566586850623 0.6004805265495151 1.3232052631849354 2.5299852875900948
293 2930 -0.9507635376300791 -0.71641952986496 0.6224995493707368 0.9446919237660545 2.759350859491148e-05 0.1459805646749322 0.1796599318992856 0.25893238305807204 0.3821572103674955 0.4701566586850623 0.6004805265495151 1.3232052631849354 2.5299852875900948
294 2940 -0.9468186758239285 -0.7300092568677129 0.6191088312453272 0.9464608090353296 2.759350859491148e-05 0.1459805646749322 0.1796599318992856 0.25893238305807204 0.3821572103674955 0.4701566586850623 0.6004805265495151 1.3232052631849354 2.5299852875900948
295 2950 -0.9445712011718451 -0.7314592532960392 0.6163075898221042 0.9448889726703932 2.759350859491148e-05 0.1459805646749322 0.1796599318992856 0.25893238305807204 0.3821572103674955 0.4701566586850623 0.6004805265495151 1.3232052631849354 2.5299852875900948
296 2960 -0.9463891526675422 -0.7319941282808103 0.6173367639331094 0.9511030759361339 2.759350859491148e-05 0.1459805646749322 0.1796599318992856 0.25893238305807204 0.3821572103674955 0.4701566586850623 0.6004805265495151 1.3232052631849354 2.5299852875900948
297 2970 -0.9499161433724246 -0.7218192607465793 0.6069653080550487 0.9543115609625354 2.759350859491148e-05 0.1459805646749322 0.1796599318992856 0.25893238305807204 0.3821572103674955 0.4701566586850623 0.6004805265495151 1.3232052631849354 2.5299852875900948
298 2980 -0.9487178834499089 -0.7343454883288169 0.6176843811541497 0.9551295128457841 2.6379979144865803e-05 0.12208597953065044 0.17606664911792794 0.2316895092583 0.39494770144603814 0.49229961394470023 0.6547974661936746 1.3090849767642805 2.5218266642223788
299 2990 -0.9476740319447726 -0.7302940094979602 0.6133952939492594 0.9562446745160672 2.6379979144865803e-05 0.12208597953065044 0.17606664911792794 0.2316895092583 0.39494770144603814 0.49229961394470023 0.6547974661936746 1.3090849767642805 2.5218266642223788
300 3000 -0.9471739048837405 -0.7367588136639811 0.62692355948851 0.9583773402335999 2.6379979144865803e-05 0.12208597953065044 0.17606664911792794 0.2316895092583 0.39494770144603814 0.49229961394470023 0.6547974661936746 1.3090849767642805 2.5218266642223788
301 3010 -0.948550553818226 -0.7387905971482572 0.6395939447567307 0.9611061264974906 2.6379979144865803e-05 0.12208597953065044 0.17606664911792794 0.2316895092583 0.39494770144603814 0.49229961394470023 0.6547974661936746 1.3090849767642805 2.5218266642223788
302 3020 -0.9488506439599901 -0.7292860723822361 0.618644396025716 0.9594990146132001 2.6379979144865803e-05 0.12208597953065044 0.17606664911792794 0.2316895092583 0.39494770144603814 0.49229961394470023 0.6547974661936746 1.3090849767642805 2.5218266642223788
303 3030 -0.9483582146530782 -0.7354373264301224 0.6109616969442953 0.9600500013355999 2.6379979144865803e-05 0.12208597953065044 0.17606664911792794 0.2316895092583 0.39494770144603814 0.49229961394470023 0.6547974661936746 1.3090849767642805 2.5218266642223788
304 3040 -0.9474064610686295 -0.7329594922404701 0.6052148716013421 0.9622055472589202 2.6379979144865803e-05 0.12208597953065044 0.17606664911792794 0.2316895092583 0.39494770144603814 0.49229961394470023 0.6547974661936746 1.3090849767642805 2.5218266642223788
305 3050 -0.9500338965643397 -0.744944570338405 0.6228307816682263 0.9651972853906076 2.6379979144865803e-05 0.12208597953065044 0.17606664911792794 0.2316895092583 0.39494770144603814 0.49229961394470023 0.6547974661936746 1.3090849767642805 2.5218266642223788
306 3060 -0.9475680241566761 -0.747120965445921 0.6124943141983097 0.9651096634685024 2.6379979144865803e-05 0.12208597953065044 0.17606664911792794 0.2316895092583 0.39494770144603814 0.49229961394470023 0.6547974661936746 1.3090849767642805 2.5218266642223788
307 3070 -0.9427790559626978 -0.7519523568033639 0.6119889379849115 0.9629299759873234 2.6522901183441108e-05 0.12125779304475386 0.15526341609970878 0.2442769893019491 0.4096337464488877 0.479117527452556 0.7390207124430058 1.2121365224204275 2.547300256603807
308 3080 -0.9409026638814265 -0.7509894037332061 0.595337687586216 0.9637096550518706 2.6522901183441108e-05 0.12125779304475386 0.15526341609970878 0.2442769893019491 0.4096337464488877 0.479117527452556 0.7390207124430058 1.2121365224204275 2.547300256603807
309 3090 -0.9352194948104794 -0.7223402400541242 0.5422151614916113 0.9581054853131977 2.6522901183441108e-05 0.12125779304475386 0.15526341609970878 0.2442769893019491 0.4096337464488877 0.479117527452556 0.7390207124430058 1.2121365224204275 2.547300256603807
310 3100 -0.9300164540372138 -0.7039202414717833 0.5289296781977519 0.9564194442624228 2.6522901183441108e-05 0.12125779304475386 0.15526341609970878 0.2442769893019491 0.4096337464488877 0.479117527452556 0.7390207124430058 1.2121365224204275 2.547300256603807
311 3110 -0.9308365506281803 -0.6849296570137275 0.5253965593380884 0.9560165429645974 2.6522901183441108e-05 0.12125779304475386 0.15526341609970878 0.2442769893019491 0.4096337464488877 0.479117527452556 0.7390207124430058 1.2121365224204275 2.547300256603807
312 3120 -0.9271173929516842 -0.6692315820201029 0.5179952502978247 0.9532736399652136 2.6522901183441108e-05 0.12125779304475386 0.15526341609970878 0.2442769893019491 0.4096337464488877 0.479117527452556 0.7390207124430058 1.2121365224204275 2.547300256603807
313 3130 -0.9272140034991404 -0.6656493592309727 0.5084256692756164 0.9537759485312943 2.6522901183441108e-05 0.12125779304475386 0.15526341609970878 0.2442769893019491 0.4096337464488877 0.479117527452556 0.7390207124430058 1.2121365224204275 2.547300256603807
314 3140 -0.9248819633774162 -0.6522515439760675 0.5056375085922912 0.9531050590491789 2.6522901183441108e-05 0.12125779304475386 0.15526341609970878 0.2442769893019491 0.4096337464488877 0.479117527452556 0.7390207124430058 1.2121365224204275 2.547300256603807
315 3150 -0.928857647332369 -0.6444413230072166 0.49124134945831593 0.9535981698073221 2.6522901183441108e-05 0.12125779304475386 0.15526341609970878 0.2442769893019491 0.4096337464488877 0.479117527452556 0.7390207124430058 1.2121365224204275 2.547300256603807
316 3160 -0.9318499943494322 -0.6589000587840927 0.5108413335738635 0.954700981413329 2.632165199841648e-05 0.12866509124516656 0.1597199482432388 0.267905738782099 0.45068283292824923 0.49488412500085893 0.7864480833561582 1.3912501845687313 2.4257078080246255
317 3170 -0.9298058370897994 -0.6729058800260495 0.5390626175516413 0.9541284839774552 2.632165199841648e-05 0.12866509124516656 0.1597199482432388 0.267905738782099 0.45068283292824923 0.49488412500085893 0.7864480833561582 1.3912501845687313 2.4257078080246255
318 3180 -0.931792776204287 -0.6148262182867439 0.4627183362220756 0.9419928713033359 2.632165199841648e-05 0.12866509124516656 0.1597199482432388 0.267905738782099 0.45068283292824923 0.49488412500085893 0.7864480833561582 1.3912501845687313 2.4257078080246255
319 3190 -0.9361862968364086 -0.5862932690695644 0.4184482844715248 0.9294424579136574 2.632165199841648e-05 0.12866509124516656 0.1597199482432388 0.267905738782099 0.45068283292824923 0.49488412500085893 0.7864480833561582 1.3912501845687313 2.4257078080246255
320 3200 -0.9435465963082965 -0.5722348598368729 0.39922066354429625 0.918184917071977 2.632165199841648e-05 0.12866509124516656 0.1597199482432388 0.267905738782099 0.45068283292824923 0.49488412500085893 0.7864480833561582 1.3912501845687313 2.4257078080246255
321 3210 -0.9398702840625817 -0.5646959607485015 0.3919706075822848 0.9197692920404261 2.632165199841648e-05 0.12866509124516656 0.1597199482432388 0.267905738782099 0.45068283292824923 0.49488412500085893 0.7864480833561582 1.3912501845687313 2.4257078080246255
322 3220 -0.9415326308504379 -0.5698882245126153 0.41057789896263386 0.9278630073274459 2.632165199841648e-05 0.12866509124516656 0.1597199482432388 0.267905738782099 0.45068283292824923 0.49488412500085893 0.7864480833561582 1.3912501845687313 2.4257078080246255
323 3230 -0.9396382010445489 -0.5627142048708829 0.39839726366039996 0.92531801487242 2.632165199841648e-05 0.12866509124516656 0.1597199482432388 0.267905738782099 0.45068283292824923 0.49488412500085893 0.7864480833561582 1.3912501845687313 2.4257078080246255
324 3240 -0.9459605589980717 -0.5615488673562612 0.36934469319983776 0.9181151367452467 2.632165199841648e-05 0.12866509124516656 0.1597199482432388 0.267905738782099 0.45068283292824923 0.49488412500085893 0.7864480833561582 1.3912501845687313 2.4257078080246255
