% # columns="iteration, evaluation, min max(neg(.)) min(pos(.)) max correlation, correlation matrix principle axes lengths  (sorted square roots of eigenvalues of correlation matrix)", seed=617773, Tue Jul  6 15:34:05 2021
1 10 -0.0422183228524101 -0.009274203256205553 0.024847214950731212 0.04392004796397742 0.9495508269035703 0.9698668955668817 0.9801567222003078 0.9835705882815527 0.9995576640286722 1.0054323703535173 1.0094009796116936 1.031023893009242 1.0666221210593316
2 20 -0.0422183228524101 -0.009274203256205553 0.024847214950731212 0.04392004796397742 0.9495508269035703 0.9698668955668817 0.9801567222003078 0.9835705882815527 0.9995576640286722 1.0054323703535173 1.0094009796116936 1.031023893009242 1.0666221210593316
3 30 -0.0422183228524101 -0.009274203256205553 0.024847214950731212 0.04392004796397742 0.9495508269035703 0.9698668955668817 0.9801567222003078 0.9835705882815527 0.9995576640286722 1.0054323703535173 1.0094009796116936 1.031023893009242 1.0666221210593316
4 40 -0.0422183228524101 -0.009274203256205553 0.024847214950731212 0.04392004796397742 0.9495508269035703 0.9698668955668817 0.9801567222003078 0.9835705882815527 0.9995576640286722 1.0054323703535173 1.0094009796116936 1.031023893009242 1.0666221210593316
5 50 -0.0422183228524101 -0.009274203256205553 0.024847214950731212 0.04392004796397742 0.9495508269035703 0.9698668955668817 0.9801567222003078 0.9835705882815527 0.9995576640286722 1.0054323703535173 1.0094009796116936 1.031023893009242 1.0666221210593316
6 60 -0.0422183228524101 -0.009274203256205553 0.024847214950731212 0.04392004796397742 0.9495508269035703 0.9698668955668817 0.9801567222003078 0.9835705882815527 0.9995576640286722 1.0054323703535173 1.0094009796116936 1.031023893009242 1.0666221210593316
7 70 -0.0422183228524101 -0.009274203256205553 0.024847214950731212 0.04392004796397742 0.9495508269035703 0.9698668955668817 0.9801567222003078 0.9835705882815527 0.9995576640286722 1.0054323703535173 1.0094009796116936 1.031023893009242 1.0666221210593316
8 80 -0.0422183228524101 -0.009274203256205553 0.024847214950731212 0.04392004796397742 0.9495508269035703 0.9698668955668817 0.9801567222003078 0.9835705882815527 0.9995576640286722 1.0054323703535173 1.0094009796116936 1.031023893009242 1.0666221210593316
9 90 -0.0422183228524101 -0.009274203256205553 0.024847214950731212 0.04392004796397742 0.9495508269035703 0.9698668955668817 0.9801567222003078 0.9835705882815527 0.9995576640286722 1.0054323703535173 1.0094009796116936 1.031023893009242 1.0666221210593316
10 100 -0.16054008193967498 -0.0154973770345822 0.17573816983479887 0.3450676606957476 0.7375737254485476 0.7715222873388629 0.842642773026065 0.892677308859562 0.9505252152370502 1.0145881745921195 1.0407845910658573 1.188522908258898 1.3874840978193694
11 110 -0.16054008193967498 -0.0154973770345822 0.17573816983479887 0.3450676606957476 0.7375737254485476 0.7715222873388629 0.842642773026065 0.892677308859562 0.9505252152370502 1.0145881745921195 1.0407845910658573 1.188522908258898 1.3874840978193694
12 120 -0.16054008193967498 -0.0154973770345822 0.17573816983479887 0.3450676606957476 0.7375737254485476 0.7715222873388629 0.842642773026065 0.892677308859562 0.9505252152370502 1.0145881745921195 1.0407845910658573 1.188522908258898 1.3874840978193694
13 130 -0.16054008193967498 -0.0154973770345822 0.17573816983479887 0.3450676606957476 0.7375737254485476 0.7715222873388629 0.842642773026065 0.892677308859562 0.9505252152370502 1.0145881745921195 1.0407845910658573 1.188522908258898 1.3874840978193694
14 140 -0.16054008193967498 -0.0154973770345822 0.17573816983479887 0.3450676606957476 0.7375737254485476 0.7715222873388629 0.842642773026065 0.892677308859562 0.9505252152370502 1.0145881745921195 1.0407845910658573 1.188522908258898 1.3874840978193694
15 150 -0.16054008193967498 -0.0154973770345822 0.17573816983479887 0.3450676606957476 0.7375737254485476 0.7715222873388629 0.842642773026065 0.892677308859562 0.9505252152370502 1.0145881745921195 1.0407845910658573 1.188522908258898 1.3874840978193694
16 160 -0.16054008193967498 -0.0154973770345822 0.17573816983479887 0.3450676606957476 0.7375737254485476 0.7715222873388629 0.842642773026065 0.892677308859562 0.9505252152370502 1.0145881745921195 1.0407845910658573 1.188522908258898 1.3874840978193694
17 170 -0.16054008193967498 -0.0154973770345822 0.17573816983479887 0.3450676606957476 0.7375737254485476 0.7715222873388629 0.842642773026065 0.892677308859562 0.9505252152370502 1.0145881745921195 1.0407845910658573 1.188522908258898 1.3874840978193694
18 180 -0.16054008193967498 -0.0154973770345822 0.17573816983479887 0.3450676606957476 0.7375737254485476 0.7715222873388629 0.842642773026065 0.892677308859562 0.9505252152370502 1.0145881745921195 1.0407845910658573 1.188522908258898 1.3874840978193694
19 190 -0.27022059542021537 -0.06780913792342529 0.3582014220526586 0.6673667797306753 0.49522530742015947 0.588074068421499 0.7358781300964604 0.808257402696052 0.8956053271749176 1.0521021310824534 1.0971891547088055 1.1126193559464186 1.692143748280265
20 200 -0.27022059542021537 -0.06780913792342529 0.3582014220526586 0.6673667797306753 0.49522530742015947 0.588074068421499 0.7358781300964604 0.808257402696052 0.8956053271749176 1.0521021310824534 1.0971891547088055 1.1126193559464186 1.692143748280265
21 210 -0.27022059542021537 -0.06780913792342529 0.3582014220526586 0.6673667797306753 0.49522530742015947 0.588074068421499 0.7358781300964604 0.808257402696052 0.8956053271749176 1.0521021310824534 1.0971891547088055 1.1126193559464186 1.692143748280265
22 220 -0.27022059542021537 -0.06780913792342529 0.3582014220526586 0.6673667797306753 0.49522530742015947 0.588074068421499 0.7358781300964604 0.808257402696052 0.8956053271749176 1.0521021310824534 1.0971891547088055 1.1126193559464186 1.692143748280265
23 230 -0.27022059542021537 -0.06780913792342529 0.3582014220526586 0.6673667797306753 0.49522530742015947 0.588074068421499 0.7358781300964604 0.808257402696052 0.8956053271749176 1.0521021310824534 1.0971891547088055 1.1126193559464186 1.692143748280265
24 240 -0.27022059542021537 -0.06780913792342529 0.3582014220526586 0.6673667797306753 0.49522530742015947 0.588074068421499 0.7358781300964604 0.808257402696052 0.8956053271749176 1.0521021310824534 1.0971891547088055 1.1126193559464186 1.692143748280265
25 250 -0.27022059542021537 -0.06780913792342529 0.3582014220526586 0.6673667797306753 0.49522530742015947 0.588074068421499 0.7358781300964604 0.808257402696052 0.8956053271749176 1.0521021310824534 1.0971891547088055 1.1126193559464186 1.692143748280265
26 260 -0.27022059542021537 -0.06780913792342529 0.3582014220526586 0.6673667797306753 0.49522530742015947 0.588074068421499 0.7358781300964604 0.808257402696052 0.8956053271749176 1.0521021310824534 1.0971891547088055 1.1126193559464186 1.692143748280265
27 270 -0.27022059542021537 -0.06780913792342529 0.3582014220526586 0.6673667797306753 0.49522530742015947 0.588074068421499 0.7358781300964604 0.808257402696052 0.8956053271749176 1.0521021310824534 1.0971891547088055 1.1126193559464186 1.692143748280265
28 280 -0.3347579715160779 -0.09243330385230883 0.59007673333665 0.8123497668788033 0.34823690479005354 0.48422378326093907 0.5328658554274734 0.6623355361009098 0.877568704545427 0.9685310456909269 1.0481950031386171 1.1876649697207464 1.924625662572576
29 290 -0.3347579715160779 -0.09243330385230883 0.59007673333665 0.8123497668788033 0.34823690479005354 0.48422378326093907 0.5328658554274734 0.6623355361009098 0.877568704545427 0.9685310456909269 1.0481950031386171 1.1876649697207464 1.924625662572576
30 300 -0.3347579715160779 -0.09243330385230883 0.59007673333665 0.8123497668788033 0.34823690479005354 0.48422378326093907 0.5328658554274734 0.6623355361009098 0.877568704545427 0.9685310456909269 1.0481950031386171 1.1876649697207464 1.924625662572576
31 310 -0.3347579715160779 -0.09243330385230883 0.59007673333665 0.8123497668788033 0.34823690479005354 0.48422378326093907 0.5328658554274734 0.6623355361009098 0.877568704545427 0.9685310456909269 1.0481950031386171 1.1876649697207464 1.924625662572576
32 320 -0.3347579715160779 -0.09243330385230883 0.59007673333665 0.8123497668788033 0.34823690479005354 0.48422378326093907 0.5328658554274734 0.6623355361009098 0.877568704545427 0.9685310456909269 1.0481950031386171 1.1876649697207464 1.924625662572576
33 330 -0.3347579715160779 -0.09243330385230883 0.59007673333665 0.8123497668788033 0.34823690479005354 0.48422378326093907 0.5328658554274734 0.6623355361009098 0.877568704545427 0.9685310456909269 1.0481950031386171 1.1876649697207464 1.924625662572576
34 340 -0.3347579715160779 -0.09243330385230883 0.59007673333665 0.8123497668788033 0.34823690479005354 0.48422378326093907 0.5328658554274734 0.6623355361009098 0.877568704545427 0.9685310456909269 1.0481950031386171 1.1876649697207464 1.924625662572576
35 350 -0.3347579715160779 -0.09243330385230883 0.59007673333665 0.8123497668788033 0.34823690479005354 0.48422378326093907 0.5328658554274734 0.6623355361009098 0.877568704545427 0.9685310456909269 1.0481950031386171 1.1876649697207464 1.924625662572576
36 360 -0.3347579715160779 -0.09243330385230883 0.59007673333665 0.8123497668788033 0.34823690479005354 0.48422378326093907 0.5328658554274734 0.6623355361009098 0.877568704545427 0.9685310456909269 1.0481950031386171 1.1876649697207464 1.924625662572576
37 370 -0.32519324605537814 -0.13763574671373469 0.6759938959731135 0.8972185316334431 0.2603444512450144 0.37846770877745256 0.4050941961944167 0.5846443445814187 0.8549941090675305 0.9252942226762588 0.9991969105301886 1.2164254179295972 2.053729060567808
38 380 -0.32519324605537814 -0.13763574671373469 0.6759938959731135 0.8972185316334431 0.2603444512450144 0.37846770877745256 0.4050941961944167 0.5846443445814187 0.8549941090675305 0.9252942226762588 0.9991969105301886 1.2164254179295972 2.053729060567808
39 390 -0.32519324605537814 -0.13763574671373469 0.6759938959731135 0.8972185316334431 0.2603444512450144 0.37846770877745256 0.4050941961944167 0.5846443445814187 0.8549941090675305 0.9252942226762588 0.9991969105301886 1.2164254179295972 2.053729060567808
40 400 -0.32519324605537814 -0.13763574671373469 0.6759938959731135 0.8972185316334431 0.2603444512450144 0.37846770877745256 0.4050941961944167 0.5846443445814187 0.8549941090675305 0.9252942226762588 0.9991969105301886 1.2164254179295972 2.053729060567808
41 410 -0.32519324605537814 -0.13763574671373469 0.6759938959731135 0.8972185316334431 0.2603444512450144 0.37846770877745256 0.4050941961944167 0.5846443445814187 0.8549941090675305 0.9252942226762588 0.9991969105301886 1.2164254179295972 2.053729060567808
42 420 -0.32519324605537814 -0.13763574671373469 0.6759938959731135 0.8972185316334431 0.2603444512450144 0.37846770877745256 0.4050941961944167 0.5846443445814187 0.8549941090675305 0.9252942226762588 0.9991969105301886 1.2164254179295972 2.053729060567808
43 430 -0.32519324605537814 -0.13763574671373469 0.6759938959731135 0.8972185316334431 0.2603444512450144 0.37846770877745256 0.4050941961944167 0.5846443445814187 0.8549941090675305 0.9252942226762588 0.9991969105301886 1.2164254179295972 2.053729060567808
44 440 -0.32519324605537814 -0.13763574671373469 0.6759938959731135 0.8972185316334431 0.2603444512450144 0.37846770877745256 0.4050941961944167 0.5846443445814187 0.8549941090675305 0.9252942226762588 0.9991969105301886 1.2164254179295972 2.053729060567808
45 450 -0.32519324605537814 -0.13763574671373469 0.6759938959731135 0.8972185316334431 0.2603444512450144 0.37846770877745256 0.4050941961944167 0.5846443445814187 0.8549941090675305 0.9252942226762588 0.9991969105301886 1.2164254179295972 2.053729060567808
46 460 -0.10846118334164209 -0.0243388125575884 0.7534807911474398 0.9458084805295665 0.18362251193229326 0.2833907658753936 0.30861390654480175 0.5322394686767828 0.7059780724519927 0.9133577129381582 1.00389990389228 1.3312602150496624 2.096367077546866
47 470 -0.10846118334164209 -0.0243388125575884 0.7534807911474398 0.9458084805295665 0.18362251193229326 0.2833907658753936 0.30861390654480175 0.5322394686767828 0.7059780724519927 0.9133577129381582 1.00389990389228 1.3312602150496624 2.096367077546866
48 480 -0.10846118334164209 -0.0243388125575884 0.7534807911474398 0.9458084805295665 0.18362251193229326 0.2833907658753936 0.30861390654480175 0.5322394686767828 0.7059780724519927 0.9133577129381582 1.00389990389228 1.3312602150496624 2.096367077546866
49 490 -0.10846118334164209 -0.0243388125575884 0.7534807911474398 0.9458084805295665 0.18362251193229326 0.2833907658753936 0.30861390654480175 0.5322394686767828 0.7059780724519927 0.9133577129381582 1.00389990389228 1.3312602150496624 2.096367077546866
50 500 -0.10846118334164209 -0.0243388125575884 0.7534807911474398 0.9458084805295665 0.18362251193229326 0.2833907658753936 0.30861390654480175 0.5322394686767828 0.7059780724519927 0.9133577129381582 1.00389990389228 1.3312602150496624 2.096367077546866
51 510 -0.10846118334164209 -0.0243388125575884 0.7534807911474398 0.9458084805295665 0.18362251193229326 0.2833907658753936 0.30861390654480175 0.5322394686767828 0.7059780724519927 0.9133577129381582 1.00389990389228 1.3312602150496624 2.096367077546866
52 520 -0.10846118334164209 -0.0243388125575884 0.7534807911474398 0.9458084805295665 0.18362251193229326 0.2833907658753936 0.30861390654480175 0.5322394686767828 0.7059780724519927 0.9133577129381582 1.00389990389228 1.3312602150496624 2.096367077546866
53 530 -0.10846118334164209 -0.0243388125575884 0.7534807911474398 0.9458084805295665 0.18362251193229326 0.2833907658753936 0.30861390654480175 0.5322394686767828 0.7059780724519927 0.9133577129381582 1.00389990389228 1.3312602150496624 2.096367077546866
54 540 -0.10846118334164209 -0.0243388125575884 0.7534807911474398 0.9458084805295665 0.18362251193229326 0.2833907658753936 0.30861390654480175 0.5322394686767828 0.7059780724519927 0.9133577129381582 1.00389990389228 1.3312602150496624 2.096367077546866
55 550 -0.19853322986256 -0.08230991111323402 0.8056295884026436 0.9706570309976985 0.13146253375424968 0.18200981665352925 0.2194320874510095 0.5036732844991618 0.6325772782357065 0.9391187868172279 1.0288949506450011 1.2869656358489017 2.1565596060223977
56 560 -0.19853322986256 -0.08230991111323402 0.8056295884026436 0.9706570309976985 0.13146253375424968 0.18200981665352925 0.2194320874510095 0.5036732844991618 0.6325772782357065 0.9391187868172279 1.0288949506450011 1.2869656358489017 2.1565596060223977
57 570 -0.19853322986256 -0.08230991111323402 0.8056295884026436 0.9706570309976985 0.13146253375424968 0.18200981665352925 0.2194320874510095 0.5036732844991618 0.6325772782357065 0.9391187868172279 1.0288949506450011 1.2869656358489017 2.1565596060223977
58 580 -0.19853322986256 -0.08230991111323402 0.8056295884026436 0.9706570309976985 0.13146253375424968 0.18200981665352925 0.2194320874510095 0.5036732844991618 0.6325772782357065 0.9391187868172279 1.0288949506450011 1.2869656358489017 2.1565596060223977
59 590 -0.19853322986256 -0.08230991111323402 0.8056295884026436 0.9706570309976985 0.13146253375424968 0.18200981665352925 0.2194320874510095 0.5036732844991618 0.6325772782357065 0.9391187868172279 1.0288949506450011 1.2869656358489017 2.1565596060223977
60 600 -0.19853322986256 -0.08230991111323402 0.8056295884026436 0.9706570309976985 0.13146253375424968 0.18200981665352925 0.2194320874510095 0.5036732844991618 0.6325772782357065 0.9391187868172279 1.0288949506450011 1.2869656358489017 2.1565596060223977
61 610 -0.19853322986256 -0.08230991111323402 0.8056295884026436 0.9706570309976985 0.13146253375424968 0.18200981665352925 0.2194320874510095 0.5036732844991618 0.6325772782357065 0.9391187868172279 1.0288949506450011 1.2869656358489017 2.1565596060223977
62 620 -0.19853322986256 -0.08230991111323402 0.8056295884026436 0.9706570309976985 0.13146253375424968 0.18200981665352925 0.2194320874510095 0.5036732844991618 0.6325772782357065 0.9391187868172279 1.0288949506450011 1.2869656358489017 2.1565596060223977
63 630 -0.19853322986256 -0.08230991111323402 0.8056295884026436 0.9706570309976985 0.13146253375424968 0.18200981665352925 0.2194320874510095 0.5036732844991618 0.6325772782357065 0.9391187868172279 1.0288949506450011 1.2869656358489017 2.1565596060223977
64 640 -0.25651636901889585 -0.11912298514991779 0.8522918083533593 0.9898640045877112 0.07783982475900751 0.12783786930511284 0.14891912126548287 0.44746525389840225 0.5734602706934271 0.8789306436479686 1.0755284100843872 1.294687747002381 2.1956417971026627
65 650 -0.25651636901889585 -0.11912298514991779 0.8522918083533593 0.9898640045877112 0.07783982475900751 0.12783786930511284 0.14891912126548287 0.44746525389840225 0.5734602706934271 0.8789306436479686 1.0755284100843872 1.294687747002381 2.1956417971026627
66 660 -0.25651636901889585 -0.11912298514991779 0.8522918083533593 0.9898640045877112 0.07783982475900751 0.12783786930511284 0.14891912126548287 0.44746525389840225 0.5734602706934271 0.8789306436479686 1.0755284100843872 1.294687747002381 2.1956417971026627
67 670 -0.25651636901889585 -0.11912298514991779 0.8522918083533593 0.9898640045877112 0.07783982475900751 0.12783786930511284 0.14891912126548287 0.44746525389840225 0.5734602706934271 0.8789306436479686 1.0755284100843872 1.294687747002381 2.1956417971026627
68 680 -0.25651636901889585 -0.11912298514991779 0.8522918083533593 0.9898640045877112 0.07783982475900751 0.12783786930511284 0.14891912126548287 0.44746525389840225 0.5734602706934271 0.8789306436479686 1.0755284100843872 1.294687747002381 2.1956417971026627
69 690 -0.25651636901889585 -0.11912298514991779 0.8522918083533593 0.9898640045877112 0.07783982475900751 0.12783786930511284 0.14891912126548287 0.44746525389840225 0.5734602706934271 0.8789306436479686 1.0755284100843872 1.294687747002381 2.1956417971026627
70 700 -0.25651636901889585 -0.11912298514991779 0.8522918083533593 0.9898640045877112 0.07783982475900751 0.12783786930511284 0.14891912126548287 0.44746525389840225 0.5734602706934271 0.8789306436479686 1.0755284100843872 1.294687747002381 2.1956417971026627
71 710 -0.25651636901889585 -0.11912298514991779 0.8522918083533593 0.9898640045877112 0.07783982475900751 0.12783786930511284 0.14891912126548287 0.44746525389840225 0.5734602706934271 0.8789306436479686 1.0755284100843872 1.294687747002381 2.1956417971026627
72 720 -0.25651636901889585 -0.11912298514991779 0.8522918083533593 0.9898640045877112 0.07783982475900751 0.12783786930511284 0.14891912126548287 0.44746525389840225 0.5734602706934271 0.8789306436479686 1.0755284100843872 1.294687747002381 2.1956417971026627
73 730 -0.2261102415618486 -0.10302894755605099 0.8975079695750152 0.9948206505935745 0.045395492071076814 0.09163271309037367 0.10728711685595205 0.3790520373013787 0.5523820682188516 0.8819368733465358 0.9844521347178621 1.3655967230216837 2.217524004251051
74 740 -0.2261102415618486 -0.10302894755605099 0.8975079695750152 0.9948206505935745 0.045395492071076814 0.09163271309037367 0.10728711685595205 0.3790520373013787 0.5523820682188516 0.8819368733465358 0.9844521347178621 1.3655967230216837 2.217524004251051
75 750 -0.2261102415618486 -0.10302894755605099 0.8975079695750152 0.9948206505935745 0.045395492071076814 0.09163271309037367 0.10728711685595205 0.3790520373013787 0.5523820682188516 0.8819368733465358 0.9844521347178621 1.3655967230216837 2.217524004251051
76 760 -0.2261102415618486 -0.10302894755605099 0.8975079695750152 0.9948206505935745 0.045395492071076814 0.09163271309037367 0.10728711685595205 0.3790520373013787 0.5523820682188516 0.8819368733465358 0.9844521347178621 1.3655967230216837 2.217524004251051
77 770 -0.2261102415618486 -0.10302894755605099 0.8975079695750152 0.9948206505935745 0.045395492071076814 0.09163271309037367 0.10728711685595205 0.3790520373013787 0.5523820682188516 0.8819368733465358 0.9844521347178621 1.3655967230216837 2.217524004251051
78 780 -0.2261102415618486 -0.10302894755605099 0.8975079695750152 0.9948206505935745 0.045395492071076814 0.09163271309037367 0.10728711685595205 0.3790520373013787 0.5523820682188516 0.8819368733465358 0.9844521347178621 1.3655967230216837 2.217524004251051
79 790 -0.2261102415618486 -0.10302894755605099 0.8975079695750152 0.9948206505935745 0.045395492071076814 0.09163271309037367 0.10728711685595205 0.3790520373013787 0.5523820682188516 0.8819368733465358 0.9844521347178621 1.3655967230216837 2.217524004251051
80 800 -0.2261102415618486 -0.10302894755605099 0.8975079695750152 0.9948206505935745 0.045395492071076814 0.09163271309037367 0.10728711685595205 0.3790520373013787 0.5523820682188516 0.8819368733465358 0.9844521347178621 1.3655967230216837 2.217524004251051
81 810 -0.2261102415618486 -0.10302894755605099 0.8975079695750152 0.9948206505935745 0.045395492071076814 0.09163271309037367 0.10728711685595205 0.3790520373013787 0.5523820682188516 0.8819368733465358 0.9844521347178621 1.3655967230216837 2.217524004251051
82 820 -0.09004797552910884 0.04759113194715836 0.946458335673626 0.9980132477021344 0.02950865026350905 0.05933137310354932 0.06981276107069075 0.2769132627732931 0.5453139102261522 0.8503139079007213 1.0160272759391693 1.3901998753998608 2.2200644426114127
83 830 -0.09004797552910884 0.04759113194715836 0.946458335673626 0.9980132477021344 0.02950865026350905 0.05933137310354932 0.06981276107069075 0.2769132627732931 0.5453139102261522 0.8503139079007213 1.0160272759391693 1.3901998753998608 2.2200644426114127
84 840 -0.09004797552910884 0.04759113194715836 0.946458335673626 0.9980132477021344 0.02950865026350905 0.05933137310354932 0.06981276107069075 0.2769132627732931 0.5453139102261522 0.8503139079007213 1.0160272759391693 1.3901998753998608 2.2200644426114127
85 850 -0.09004797552910884 0.04759113194715836 0.946458335673626 0.9980132477021344 0.02950865026350905 0.05933137310354932 0.06981276107069075 0.2769132627732931 0.5453139102261522 0.8503139079007213 1.0160272759391693 1.3901998753998608 2.2200644426114127
86 860 -0.09004797552910884 0.04759113194715836 0.946458335673626 0.9980132477021344 0.02950865026350905 0.05933137310354932 0.06981276107069075 0.2769132627732931 0.5453139102261522 0.8503139079007213 1.0160272759391693 1.3901998753998608 2.2200644426114127
87 870 -0.09004797552910884 0.04759113194715836 0.946458335673626 0.9980132477021344 0.02950865026350905 0.05933137310354932 0.06981276107069075 0.2769132627732931 0.5453139102261522 0.8503139079007213 1.0160272759391693 1.3901998753998608 2.2200644426114127
88 880 -0.09004797552910884 0.04759113194715836 0.946458335673626 0.9980132477021344 0.02950865026350905 0.05933137310354932 0.06981276107069075 0.2769132627732931 0.5453139102261522 0.8503139079007213 1.0160272759391693 1.3901998753998608 2.2200644426114127
89 890 -0.09004797552910884 0.04759113194715836 0.946458335673626 0.9980132477021344 0.02950865026350905 0.05933137310354932 0.06981276107069075 0.2769132627732931 0.5453139102261522 0.8503139079007213 1.0160272759391693 1.3901998753998608 2.2200644426114127
90 900 -0.09004797552910884 0.04759113194715836 0.946458335673626 0.9980132477021344 0.02950865026350905 0.05933137310354932 0.06981276107069075 0.2769132627732931 0.5453139102261522 0.8503139079007213 1.0160272759391693 1.3901998753998608 2.2200644426114127
91 910 -0.1365688200415376 0.028969709612360884 0.9634665733801007 0.9989244628609235 0.02234466643460918 0.04310586702396143 0.04738284463699938 0.22903445821978313 0.4820005059560931 0.8446017786301021 0.9174479292851462 1.4559090492735223 2.2440771306216103
92 920 -0.1365688200415376 0.028969709612360884 0.9634665733801007 0.9989244628609235 0.02234466643460918 0.04310586702396143 0.04738284463699938 0.22903445821978313 0.4820005059560931 0.8446017786301021 0.9174479292851462 1.4559090492735223 2.2440771306216103
93 930 -0.1365688200415376 0.028969709612360884 0.9634665733801007 0.9989244628609235 0.02234466643460918 0.04310586702396143 0.04738284463699938 0.22903445821978313 0.4820005059560931 0.8446017786301021 0.9174479292851462 1.4559090492735223 2.2440771306216103
94 940 -0.1365688200415376 0.028969709612360884 0.9634665733801007 0.9989244628609235 0.02234466643460918 0.04310586702396143 0.04738284463699938 0.22903445821978313 0.4820005059560931 0.8446017786301021 0.9174479292851462 1.4559090492735223 2.2440771306216103
95 950 -0.1365688200415376 0.028969709612360884 0.9634665733801007 0.9989244628609235 0.02234466643460918 0.04310586702396143 0.04738284463699938 0.22903445821978313 0.4820005059560931 0.8446017786301021 0.9174479292851462 1.4559090492735223 2.2440771306216103
96 960 -0.1365688200415376 0.028969709612360884 0.9634665733801007 0.9989244628609235 0.02234466643460918 0.04310586702396143 0.04738284463699938 0.22903445821978313 0.4820005059560931 0.8446017786301021 0.9174479292851462 1.4559090492735223 2.2440771306216103
97 970 -0.1365688200415376 0.028969709612360884 0.9634665733801007 0.9989244628609235 0.02234466643460918 0.04310586702396143 0.04738284463699938 0.22903445821978313 0.4820005059560931 0.8446017786301021 0.9174479292851462 1.4559090492735223 2.2440771306216103
98 980 -0.1365688200415376 0.028969709612360884 0.9634665733801007 0.9989244628609235 0.02234466643460918 0.04310586702396143 0.04738284463699938 0.22903445821978313 0.4820005059560931 0.8446017786301021 0.9174479292851462 1.4559090492735223 2.2440771306216103
99 990 -0.1365688200415376 0.028969709612360884 0.9634665733801007 0.9989244628609235 0.02234466643460918 0.04310586702396143 0.04738284463699938 0.22903445821978313 0.4820005059560931 0.8446017786301021 0.9174479292851462 1.4559090492735223 2.2440771306216103
100 1000 -0.03944413194055334 0.09621138168704603 0.9658021721758548 0.9993321602465672 0.017029626866899832 0.027305642633261035 0.03614897887448574 0.21492298411841004 0.5083941792740047 0.9077148649698262 0.9429357658991997 1.3695012981583259 2.259290413832848
101 1010 -0.03944413194055334 0.09621138168704603 0.9658021721758548 0.9993321602465672 0.017029626866899832 0.027305642633261035 0.03614897887448574 0.21492298411841004 0.5083941792740047 0.9077148649698262 0.9429357658991997 1.3695012981583259 2.259290413832848
102 1020 -0.03944413194055334 0.09621138168704603 0.9658021721758548 0.9993321602465672 0.017029626866899832 0.027305642633261035 0.03614897887448574 0.21492298411841004 0.5083941792740047 0.9077148649698262 0.9429357658991997 1.3695012981583259 2.259290413832848
103 1030 -0.03944413194055334 0.09621138168704603 0.9658021721758548 0.9993321602465672 0.017029626866899832 0.027305642633261035 0.03614897887448574 0.21492298411841004 0.5083941792740047 0.9077148649698262 0.9429357658991997 1.3695012981583259 2.259290413832848
104 1040 -0.03944413194055334 0.09621138168704603 0.9658021721758548 0.9993321602465672 0.017029626866899832 0.027305642633261035 0.03614897887448574 0.21492298411841004 0.5083941792740047 0.9077148649698262 0.9429357658991997 1.3695012981583259 2.259290413832848
105 1050 -0.03944413194055334 0.09621138168704603 0.9658021721758548 0.9993321602465672 0.017029626866899832 0.027305642633261035 0.03614897887448574 0.21492298411841004 0.5083941792740047 0.9077148649698262 0.9429357658991997 1.3695012981583259 2.259290413832848
106 1060 -0.03944413194055334 0.09621138168704603 0.9658021721758548 0.9993321602465672 0.017029626866899832 0.027305642633261035 0.03614897887448574 0.21492298411841004 0.5083941792740047 0.9077148649698262 0.9429357658991997 1.3695012981583259 2.259290413832848
107 1070 -0.03944413194055334 0.09621138168704603 0.9658021721758548 0.9993321602465672 0.017029626866899832 0.027305642633261035 0.03614897887448574 0.21492298411841004 0.5083941792740047 0.9077148649698262 0.9429357658991997 1.3695012981583259 2.259290413832848
108 1080 -0.03944413194055334 0.09621138168704603 0.9658021721758548 0.9993321602465672 0.017029626866899832 0.027305642633261035 0.03614897887448574 0.21492298411841004 0.5083941792740047 0.9077148649698262 0.9429357658991997 1.3695012981583259 2.259290413832848
109 1090 -0.029908949685137753 0.04697167717827011 0.9586255679259458 0.9996400478611691 0.01252499540686216 0.02069972863963522 0.030641235197134215 0.2432518717512957 0.5093399363293571 0.8613391055540469 0.9498889580599531 1.3751537200061716 2.268178845578918
110 1100 -0.029908949685137753 0.04697167717827011 0.9586255679259458 0.9996400478611691 0.01252499540686216 0.02069972863963522 0.030641235197134215 0.2432518717512957 0.5093399363293571 0.8613391055540469 0.9498889580599531 1.3751537200061716 2.268178845578918
111 1110 -0.029908949685137753 0.04697167717827011 0.9586255679259458 0.9996400478611691 0.01252499540686216 0.02069972863963522 0.030641235197134215 0.2432518717512957 0.5093399363293571 0.8613391055540469 0.9498889580599531 1.3751537200061716 2.268178845578918
112 1120 -0.029908949685137753 0.04697167717827011 0.9586255679259458 0.9996400478611691 0.01252499540686216 0.02069972863963522 0.030641235197134215 0.2432518717512957 0.5093399363293571 0.8613391055540469 0.9498889580599531 1.3751537200061716 2.268178845578918
113 1130 -0.029908949685137753 0.04697167717827011 0.9586255679259458 0.9996400478611691 0.01252499540686216 0.02069972863963522 0.030641235197134215 0.2432518717512957 0.5093399363293571 0.8613391055540469 0.9498889580599531 1.3751537200061716 2.268178845578918
114 1140 -0.029908949685137753 0.04697167717827011 0.9586255679259458 0.9996400478611691 0.01252499540686216 0.02069972863963522 0.030641235197134215 0.2432518717512957 0.5093399363293571 0.8613391055540469 0.9498889580599531 1.3751537200061716 2.268178845578918
115 1150 -0.029908949685137753 0.04697167717827011 0.9586255679259458 0.9996400478611691 0.01252499540686216 0.02069972863963522 0.030641235197134215 0.2432518717512957 0.5093399363293571 0.8613391055540469 0.9498889580599531 1.3751537200061716 2.268178845578918
116 1160 -0.029908949685137753 0.04697167717827011 0.9586255679259458 0.9996400478611691 0.01252499540686216 0.02069972863963522 0.030641235197134215 0.2432518717512957 0.5093399363293571 0.8613391055540469 0.9498889580599531 1.3751537200061716 2.268178845578918
117 1170 -0.029908949685137753 0.04697167717827011 0.9586255679259458 0.9996400478611691 0.01252499540686216 0.02069972863963522 0.030641235197134215 0.2432518717512957 0.5093399363293571 0.8613391055540469 0.9498889580599531 1.3751537200061716 2.268178845578918
118 1180 -0.07727673645068928 -0.02750527550080585 0.9519470940589468 0.9997877749001074 0.009251226709612141 0.01701428977982005 0.02500033454955501 0.2561767280702752 0.5083148789336615 0.8141243187251577 0.9132063422962607 1.4590287412487677 2.2471048667407914
119 1190 -0.07727673645068928 -0.02750527550080585 0.9519470940589468 0.9997877749001074 0.009251226709612141 0.01701428977982005 0.02500033454955501 0.2561767280702752 0.5083148789336615 0.8141243187251577 0.9132063422962607 1.4590287412487677 2.2471048667407914
120 1200 -0.07727673645068928 -0.02750527550080585 0.9519470940589468 0.9997877749001074 0.009251226709612141 0.01701428977982005 0.02500033454955501 0.2561767280702752 0.5083148789336615 0.8141243187251577 0.9132063422962607 1.4590287412487677 2.2471048667407914
121 1210 -0.07727673645068928 -0.02750527550080585 0.9519470940589468 0.9997877749001074 0.009251226709612141 0.01701428977982005 0.02500033454955501 0.2561767280702752 0.5083148789336615 0.8141243187251577 0.9132063422962607 1.4590287412487677 2.2471048667407914
122 1220 -0.07727673645068928 -0.02750527550080585 0.9519470940589468 0.9997877749001074 0.009251226709612141 0.01701428977982005 0.02500033454955501 0.2561767280702752 0.5083148789336615 0.8141243187251577 0.9132063422962607 1.4590287412487677 2.2471048667407914
123 1230 -0.07727673645068928 -0.02750527550080585 0.9519470940589468 0.9997877749001074 0.009251226709612141 0.01701428977982005 0.02500033454955501 0.2561767280702752 0.5083148789336615 0.8141243187251577 0.9132063422962607 1.4590287412487677 2.2471048667407914
124 1240 -0.07727673645068928 -0.02750527550080585 0.9519470940589468 0.9997877749001074 0.009251226709612141 0.01701428977982005 0.02500033454955501 0.2561767280702752 0.5083148789336615 0.8141243187251577 0.9132063422962607 1.4590287412487677 2.2471048667407914
125 1250 -0.07727673645068928 -0.02750527550080585 0.9519470940589468 0.9997877749001074 0.009251226709612141 0.01701428977982005 0.02500033454955501 0.2561767280702752 0.5083148789336615 0.8141243187251577 0.9132063422962607 1.4590287412487677 2.2471048667407914
126 1260 -0.07727673645068928 -0.02750527550080585 0.9519470940589468 0.9997877749001074 0.009251226709612141 0.01701428977982005 0.02500033454955501 0.2561767280702752 0.5083148789336615 0.8141243187251577 0.9132063422962607 1.4590287412487677 2.2471048667407914
127 1270 -0.06129351820685559 -0.03336776651272747 0.9608244576576676 0.9998815947866528 0.006654113794482747 0.012899267187477784 0.020087059649542285 0.23123513950253477 0.5258579014609603 0.7974775641456336 0.9756501829891474 1.4143516819607937 2.2541373503610767
128 1280 -0.06129351820685559 -0.03336776651272747 0.9608244576576676 0.9998815947866528 0.006654113794482747 0.012899267187477784 0.020087059649542285 0.23123513950253477 0.5258579014609603 0.7974775641456336 0.9756501829891474 1.4143516819607937 2.2541373503610767
129 1290 -0.06129351820685559 -0.03336776651272747 0.9608244576576676 0.9998815947866528 0.006654113794482747 0.012899267187477784 0.020087059649542285 0.23123513950253477 0.5258579014609603 0.7974775641456336 0.9756501829891474 1.4143516819607937 2.2541373503610767
130 1300 -0.06129351820685559 -0.03336776651272747 0.9608244576576676 0.9998815947866528 0.006654113794482747 0.012899267187477784 0.020087059649542285 0.23123513950253477 0.5258579014609603 0.7974775641456336 0.9756501829891474 1.4143516819607937 2.2541373503610767
131 1310 -0.06129351820685559 -0.03336776651272747 0.9608244576576676 0.9998815947866528 0.006654113794482747 0.012899267187477784 0.020087059649542285 0.23123513950253477 0.5258579014609603 0.7974775641456336 0.9756501829891474 1.4143516819607937 2.2541373503610767
132 1320 -0.06129351820685559 -0.03336776651272747 0.9608244576576676 0.9998815947866528 0.006654113794482747 0.012899267187477784 0.020087059649542285 0.23123513950253477 0.5258579014609603 0.7974775641456336 0.9756501829891474 1.4143516819607937 2.2541373503610767
133 1330 -0.06129351820685559 -0.03336776651272747 0.9608244576576676 0.9998815947866528 0.006654113794482747 0.012899267187477784 0.020087059649542285 0.23123513950253477 0.5258579014609603 0.7974775641456336 0.9756501829891474 1.4143516819607937 2.2541373503610767
134 1340 -0.06129351820685559 -0.03336776651272747 0.9608244576576676 0.9998815947866528 0.006654113794482747 0.012899267187477784 0.020087059649542285 0.23123513950253477 0.5258579014609603 0.7974775641456336 0.9756501829891474 1.4143516819607937 2.2541373503610767
135 1350 -0.06129351820685559 -0.03336776651272747 0.9608244576576676 0.9998815947866528 0.006654113794482747 0.012899267187477784 0.020087059649542285 0.23123513950253477 0.5258579014609603 0.7974775641456336 0.9756501829891474 1.4143516819607937 2.2541373503610767
136 1360 -0.2021571949894266 -0.057616959486225444 0.9644550244703827 0.9999294512594599 0.005226254511185018 0.009131214235090902 0.014683357055892432 0.22103725600852894 0.5493831169013226 0.8046112982307471 1.019843211077158 1.32564949440902 2.2812646339450247
137 1370 -0.2021571949894266 -0.057616959486225444 0.9644550244703827 0.9999294512594599 0.005226254511185018 0.009131214235090902 0.014683357055892432 0.22103725600852894 0.5493831169013226 0.8046112982307471 1.019843211077158 1.32564949440902 2.2812646339450247
138 1380 -0.2021571949894266 -0.057616959486225444 0.9644550244703827 0.9999294512594599 0.005226254511185018 0.009131214235090902 0.014683357055892432 0.22103725600852894 0.5493831169013226 0.8046112982307471 1.019843211077158 1.32564949440902 2.2812646339450247
139 1390 -0.2021571949894266 -0.057616959486225444 0.9644550244703827 0.9999294512594599 0.005226254511185018 0.009131214235090902 0.014683357055892432 0.22103725600852894 0.5493831169013226 0.8046112982307471 1.019843211077158 1.32564949440902 2.2812646339450247
140 1400 -0.2021571949894266 -0.057616959486225444 0.9644550244703827 0.9999294512594599 0.005226254511185018 0.009131214235090902 0.014683357055892432 0.22103725600852894 0.5493831169013226 0.8046112982307471 1.019843211077158 1.32564949440902 2.2812646339450247
141 1410 -0.2021571949894266 -0.057616959486225444 0.9644550244703827 0.9999294512594599 0.005226254511185018 0.009131214235090902 0.014683357055892432 0.22103725600852894 0.5493831169013226 0.8046112982307471 1.019843211077158 1.32564949440902 2.2812646339450247
142 1420 -0.2021571949894266 -0.057616959486225444 0.9644550244703827 0.9999294512594599 0.005226254511185018 0.009131214235090902 0.014683357055892432 0.22103725600852894 0.5493831169013226 0.8046112982307471 1.019843211077158 1.32564949440902 2.2812646339450247
143 1430 -0.2021571949894266 -0.057616959486225444 0.9644550244703827 0.9999294512594599 0.005226254511185018 0.009131214235090902 0.014683357055892432 0.22103725600852894 0.5493831169013226 0.8046112982307471 1.019843211077158 1.32564949440902 2.2812646339450247
144 1440 -0.2021571949894266 -0.057616959486225444 0.9644550244703827 0.9999294512594599 0.005226254511185018 0.009131214235090902 0.014683357055892432 0.22103725600852894 0.5493831169013226 0.8046112982307471 1.019843211077158 1.32564949440902 2.2812646339450247
145 1450 -0.2155955030512228 -0.15653960138626052 0.9573476027861241 0.9999537043619052 0.003824065596925938 0.006696428638421538 0.012084191673057023 0.23501273495546757 0.570934463630729 0.8108460161416348 0.9975780457602427 1.3168189102412522 2.287346081746334
146 1460 -0.2155955030512228 -0.15653960138626052 0.9573476027861241 0.9999537043619052 0.003824065596925938 0.006696428638421538 0.012084191673057023 0.23501273495546757 0.570934463630729 0.8108460161416348 0.9975780457602427 1.3168189102412522 2.287346081746334
147 1470 -0.2155955030512228 -0.15653960138626052 0.9573476027861241 0.9999537043619052 0.003824065596925938 0.006696428638421538 0.012084191673057023 0.23501273495546757 0.570934463630729 0.8108460161416348 0.9975780457602427 1.3168189102412522 2.287346081746334
148 1480 -0.2155955030512228 -0.15653960138626052 0.9573476027861241 0.9999537043619052 0.003824065596925938 0.006696428638421538 0.012084191673057023 0.23501273495546757 0.570934463630729 0.8108460161416348 0.9975780457602427 1.3168189102412522 2.287346081746334
149 1490 -0.2155955030512228 -0.15653960138626052 0.9573476027861241 0.9999537043619052 0.003824065596925938 0.006696428638421538 0.012084191673057023 0.23501273495546757 0.570934463630729 0.8108460161416348 0.9975780457602427 1.3168189102412522 2.287346081746334
150 1500 -0.2155955030512228 -0.15653960138626052 0.9573476027861241 0.9999537043619052 0.003824065596925938 0.006696428638421538 0.012084191673057023 0.23501273495546757 0.570934463630729 0.8108460161416348 0.9975780457602427 1.3168189102412522 2.287346081746334
151 1510 -0.2155955030512228 -0.15653960138626052 0.9573476027861241 0.9999537043619052 0.003824065596925938 0.006696428638421538 0.012084191673057023 0.23501273495546757 0.570934463630729 0.8108460161416348 0.9975780457602427 1.3168189102412522 2.287346081746334
152 1520 -0.2155955030512228 -0.15653960138626052 0.9573476027861241 0.9999537043619052 0.003824065596925938 0.006696428638421538 0.012084191673057023 0.23501273495546757 0.570934463630729 0.8108460161416348 0.9975780457602427 1.3168189102412522 2.287346081746334
153 1530 -0.2155955030512228 -0.15653960138626052 0.9573476027861241 0.9999537043619052 0.003824065596925938 0.006696428638421538 0.012084191673057023 0.23501273495546757 0.570934463630729 0.8108460161416348 0.9975780457602427 1.3168189102412522 2.287346081746334
154 1540 -0.28346940198869397 -0.16586162094783913 0.9379083122518999 0.9999665349047657 0.0030125342656127274 0.005628280912942206 0.009707365871177185 0.2660768292732675 0.531155498673452 0.8626972482041607 1.0463758732829105 1.2195856882653644 2.3066000325202993
155 1550 -0.28346940198869397 -0.16586162094783913 0.9379083122518999 0.9999665349047657 0.0030125342656127274 0.005628280912942206 0.009707365871177185 0.2660768292732675 0.531155498673452 0.8626972482041607 1.0463758732829105 1.2195856882653644 2.3066000325202993
156 1560 -0.28346940198869397 -0.16586162094783913 0.9379083122518999 0.9999665349047657 0.0030125342656127274 0.005628280912942206 0.009707365871177185 0.2660768292732675 0.531155498673452 0.8626972482041607 1.0463758732829105 1.2195856882653644 2.3066000325202993
157 1570 -0.28346940198869397 -0.16586162094783913 0.9379083122518999 0.9999665349047657 0.0030125342656127274 0.005628280912942206 0.009707365871177185 0.2660768292732675 0.531155498673452 0.8626972482041607 1.0463758732829105 1.2195856882653644 2.3066000325202993
158 1580 -0.28346940198869397 -0.16586162094783913 0.9379083122518999 0.9999665349047657 0.0030125342656127274 0.005628280912942206 0.009707365871177185 0.2660768292732675 0.531155498673452 0.8626972482041607 1.0463758732829105 1.2195856882653644 2.3066000325202993
159 1590 -0.28346940198869397 -0.16586162094783913 0.9379083122518999 0.9999665349047657 0.0030125342656127274 0.005628280912942206 0.009707365871177185 0.2660768292732675 0.531155498673452 0.8626972482041607 1.0463758732829105 1.2195856882653644 2.3066000325202993
160 1600 -0.28346940198869397 -0.16586162094783913 0.9379083122518999 0.9999665349047657 0.0030125342656127274 0.005628280912942206 0.009707365871177185 0.2660768292732675 0.531155498673452 0.8626972482041607 1.0463758732829105 1.2195856882653644 2.3066000325202993
161 1610 -0.28346940198869397 -0.16586162094783913 0.9379083122518999 0.9999665349047657 0.0030125342656127274 0.005628280912942206 0.009707365871177185 0.2660768292732675 0.531155498673452 0.8626972482041607 1.0463758732829105 1.2195856882653644 2.3066000325202993
162 1620 -0.28346940198869397 -0.16586162094783913 0.9379083122518999 0.9999665349047657 0.0030125342656127274 0.005628280912942206 0.009707365871177185 0.2660768292732675 0.531155498673452 0.8626972482041607 1.0463758732829105 1.2195856882653644 2.3066000325202993
163 1630 -0.17791079371928642 -0.11759641551841533 0.9464535948038899 0.9999834994692689 0.00207726546172223 0.0034839291897386833 0.007375696887472108 0.22780325326578524 0.486431919657396 0.8993692776335908 1.0064347781532272 1.1795001743825542 2.3448714442469965
164 1640 -0.17791079371928642 -0.11759641551841533 0.9464535948038899 0.9999834994692689 0.00207726546172223 0.0034839291897386833 0.007375696887472108 0.22780325326578524 0.486431919657396 0.8993692776335908 1.0064347781532272 1.1795001743825542 2.3448714442469965
165 1650 -0.17791079371928642 -0.11759641551841533 0.9464535948038899 0.9999834994692689 0.00207726546172223 0.0034839291897386833 0.007375696887472108 0.22780325326578524 0.486431919657396 0.8993692776335908 1.0064347781532272 1.1795001743825542 2.3448714442469965
166 1660 -0.17791079371928642 -0.11759641551841533 0.9464535948038899 0.9999834994692689 0.00207726546172223 0.0034839291897386833 0.007375696887472108 0.22780325326578524 0.486431919657396 0.8993692776335908 1.0064347781532272 1.1795001743825542 2.3448714442469965
167 1670 -0.17791079371928642 -0.11759641551841533 0.9464535948038899 0.9999834994692689 0.00207726546172223 0.0034839291897386833 0.007375696887472108 0.22780325326578524 0.486431919657396 0.8993692776335908 1.0064347781532272 1.1795001743825542 2.3448714442469965
168 1680 -0.17791079371928642 -0.11759641551841533 0.9464535948038899 0.9999834994692689 0.00207726546172223 0.0034839291897386833 0.007375696887472108 0.22780325326578524 0.486431919657396 0.8993692776335908 1.0064347781532272 1.1795001743825542 2.3448714442469965
169 1690 -0.17791079371928642 -0.11759641551841533 0.9464535948038899 0.9999834994692689 0.00207726546172223 0.0034839291897386833 0.007375696887472108 0.22780325326578524 0.486431919657396 0.8993692776335908 1.0064347781532272 1.1795001743825542 2.3448714442469965
170 1700 -0.17791079371928642 -0.11759641551841533 0.9464535948038899 0.9999834994692689 0.00207726546172223 0.0034839291897386833 0.007375696887472108 0.22780325326578524 0.486431919657396 0.8993692776335908 1.0064347781532272 1.1795001743825542 2.3448714442469965
171 1710 -0.17791079371928642 -0.11759641551841533 0.9464535948038899 0.9999834994692689 0.00207726546172223 0.0034839291897386833 0.007375696887472108 0.22780325326578524 0.486431919657396 0.8993692776335908 1.0064347781532272 1.1795001743825542 2.3448714442469965
172 1720 -0.2655959919155513 -0.2106408384589101 0.9504740914082743 0.9999899417948819 0.0015023015279853542 0.0028788147251244682 0.006197205269039914 0.20947542262934835 0.5140313447483187 0.8849672592296577 0.9637886332411684 1.1623374952296421 2.3725005462176814
173 1730 -0.2655959919155513 -0.2106408384589101 0.9504740914082743 0.9999899417948819 0.0015023015279853542 0.0028788147251244682 0.006197205269039914 0.20947542262934835 0.5140313447483187 0.8849672592296577 0.9637886332411684 1.1623374952296421 2.3725005462176814
174 1740 -0.2655959919155513 -0.2106408384589101 0.9504740914082743 0.9999899417948819 0.0015023015279853542 0.0028788147251244682 0.006197205269039914 0.20947542262934835 0.5140313447483187 0.8849672592296577 0.9637886332411684 1.1623374952296421 2.3725005462176814
175 1750 -0.2655959919155513 -0.2106408384589101 0.9504740914082743 0.9999899417948819 0.0015023015279853542 0.0028788147251244682 0.006197205269039914 0.20947542262934835 0.5140313447483187 0.8849672592296577 0.9637886332411684 1.1623374952296421 2.3725005462176814
176 1760 -0.2655959919155513 -0.2106408384589101 0.9504740914082743 0.9999899417948819 0.0015023015279853542 0.0028788147251244682 0.006197205269039914 0.20947542262934835 0.5140313447483187 0.8849672592296577 0.9637886332411684 1.1623374952296421 2.3725005462176814
177 1770 -0.2655959919155513 -0.2106408384589101 0.9504740914082743 0.9999899417948819 0.0015023015279853542 0.0028788147251244682 0.006197205269039914 0.20947542262934835 0.5140313447483187 0.8849672592296577 0.9637886332411684 1.1623374952296421 2.3725005462176814
178 1780 -0.2655959919155513 -0.2106408384589101 0.9504740914082743 0.9999899417948819 0.0015023015279853542 0.0028788147251244682 0.006197205269039914 0.20947542262934835 0.5140313447483187 0.8849672592296577 0.9637886332411684 1.1623374952296421 2.3725005462176814
179 1790 -0.2655959919155513 -0.2106408384589101 0.9504740914082743 0.9999899417948819 0.0015023015279853542 0.0028788147251244682 0.006197205269039914 0.20947542262934835 0.5140313447483187 0.8849672592296577 0.9637886332411684 1.1623374952296421 2.3725005462176814
180 1800 -0.2655959919155513 -0.2106408384589101 0.9504740914082743 0.9999899417948819 0.0015023015279853542 0.0028788147251244682 0.006197205269039914 0.20947542262934835 0.5140313447483187 0.8849672592296577 0.9637886332411684 1.1623374952296421 2.3725005462176814
181 1810 -0.3016476698526788 -0.17853653442767659 0.9206171890998808 0.9999922749714807 0.0012409057458528023 0.002797882591313063 0.005531672157659907 0.2341943817275129 0.5447775316391626 0.8683349986712615 0.9867924528289093 1.1500271423912085 2.3660099370212886
182 1820 -0.3016476698526788 -0.17853653442767659 0.9206171890998808 0.9999922749714807 0.0012409057458528023 0.002797882591313063 0.005531672157659907 0.2341943817275129 0.5447775316391626 0.8683349986712615 0.9867924528289093 1.1500271423912085 2.3660099370212886
183 1830 -0.3016476698526788 -0.17853653442767659 0.9206171890998808 0.9999922749714807 0.0012409057458528023 0.002797882591313063 0.005531672157659907 0.2341943817275129 0.5447775316391626 0.8683349986712615 0.9867924528289093 1.1500271423912085 2.3660099370212886
184 1840 -0.3016476698526788 -0.17853653442767659 0.9206171890998808 0.9999922749714807 0.0012409057458528023 0.002797882591313063 0.005531672157659907 0.2341943817275129 0.5447775316391626 0.8683349986712615 0.9867924528289093 1.1500271423912085 2.3660099370212886
185 1850 -0.3016476698526788 -0.17853653442767659 0.9206171890998808 0.9999922749714807 0.0012409057458528023 0.002797882591313063 0.005531672157659907 0.2341943817275129 0.5447775316391626 0.8683349986712615 0.9867924528289093 1.1500271423912085 2.3660099370212886
186 1860 -0.3016476698526788 -0.17853653442767659 0.9206171890998808 0.9999922749714807 0.0012409057458528023 0.002797882591313063 0.005531672157659907 0.2341943817275129 0.5447775316391626 0.8683349986712615 0.9867924528289093 1.1500271423912085 2.3660099370212886
187 1870 -0.3016476698526788 -0.17853653442767659 0.9206171890998808 0.9999922749714807 0.0012409057458528023 0.002797882591313063 0.005531672157659907 0.2341943817275129 0.5447775316391626 0.8683349986712615 0.9867924528289093 1.1500271423912085 2.3660099370212886
188 1880 -0.3016476698526788 -0.17853653442767659 0.9206171890998808 0.9999922749714807 0.0012409057458528023 0.002797882591313063 0.005531672157659907 0.2341943817275129 0.5447775316391626 0.8683349986712615 0.9867924528289093 1.1500271423912085 2.3660099370212886
189 1890 -0.3016476698526788 -0.17853653442767659 0.9206171890998808 0.9999922749714807 0.0012409057458528023 0.002797882591313063 0.005531672157659907 0.2341943817275129 0.5447775316391626 0.8683349986712615 0.9867924528289093 1.1500271423912085 2.3660099370212886
190 1900 -0.24416370232280957 -0.136594730078213 0.924118099865661 0.9999957958998602 0.0009617008760304418 0.0021081540205480373 0.004500959191128974 0.2409171395130402 0.5147276311322334 0.8098192810379309 0.942193250260938 1.2207680190013683 2.375537586490199
191 1910 -0.24416370232280957 -0.136594730078213 0.924118099865661 0.9999957958998602 0.0009617008760304418 0.0021081540205480373 0.004500959191128974 0.2409171395130402 0.5147276311322334 0.8098192810379309 0.942193250260938 1.2207680190013683 2.375537586490199
192 1920 -0.24416370232280957 -0.136594730078213 0.924118099865661 0.9999957958998602 0.0009617008760304418 0.0021081540205480373 0.004500959191128974 0.2409171395130402 0.5147276311322334 0.8098192810379309 0.942193250260938 1.2207680190013683 2.375537586490199
193 1930 -0.24416370232280957 -0.136594730078213 0.924118099865661 0.9999957958998602 0.0009617008760304418 0.0021081540205480373 0.004500959191128974 0.2409171395130402 0.5147276311322334 0.8098192810379309 0.942193250260938 1.2207680190013683 2.375537586490199
194 1940 -0.24416370232280957 -0.136594730078213 0.924118099865661 0.9999957958998602 0.0009617008760304418 0.0021081540205480373 0.004500959191128974 0.2409171395130402 0.5147276311322334 0.8098192810379309 0.942193250260938 1.2207680190013683 2.375537586490199
195 1950 -0.24416370232280957 -0.136594730078213 0.924118099865661 0.9999957958998602 0.0009617008760304418 0.0021081540205480373 0.004500959191128974 0.2409171395130402 0.5147276311322334 0.8098192810379309 0.942193250260938 1.2207680190013683 2.375537586490199
196 1960 -0.24416370232280957 -0.136594730078213 0.924118099865661 0.9999957958998602 0.0009617008760304418 0.0021081540205480373 0.004500959191128974 0.2409171395130402 0.5147276311322334 0.8098192810379309 0.942193250260938 1.2207680190013683 2.375537586490199
197 1970 -0.24416370232280957 -0.136594730078213 0.924118099865661 0.9999957958998602 0.0009617008760304418 0.0021081540205480373 0.004500959191128974 0.2409171395130402 0.5147276311322334 0.8098192810379309 0.942193250260938 1.2207680190013683 2.375537586490199
198 1980 -0.24416370232280957 -0.136594730078213 0.924118099865661 0.9999957958998602 0.0009617008760304418 0.0021081540205480373 0.004500959191128974 0.2409171395130402 0.5147276311322334 0.8098192810379309 0.942193250260938 1.2207680190013683 2.375537586490199
199 1990 -0.21089457150072982 -0.17980898916805393 0.8997761352961458 0.9999969951692158 0.0007878709160978007 0.001727339501624072 0.0038460410886825137 0.2727758509063559 0.5605932944811071 0.8064607568922629 0.9584418274944106 1.2006668184643248 2.3665839513550813
200 2000 -0.21089457150072982 -0.17980898916805393 0.8997761352961458 0.9999969951692158 0.0007878709160978007 0.001727339501624072 0.0038460410886825137 0.2727758509063559 0.5605932944811071 0.8064607568922629 0.9584418274944106 1.2006668184643248 2.3665839513550813
201 2010 -0.21089457150072982 -0.17980898916805393 0.8997761352961458 0.9999969951692158 0.0007878709160978007 0.001727339501624072 0.0038460410886825137 0.2727758509063559 0.5605932944811071 0.8064607568922629 0.9584418274944106 1.2006668184643248 2.3665839513550813
202 2020 -0.21089457150072982 -0.17980898916805393 0.8997761352961458 0.9999969951692158 0.0007878709160978007 0.001727339501624072 0.0038460410886825137 0.2727758509063559 0.5605932944811071 0.8064607568922629 0.9584418274944106 1.2006668184643248 2.3665839513550813
203 2030 -0.21089457150072982 -0.17980898916805393 0.8997761352961458 0.9999969951692158 0.0007878709160978007 0.001727339501624072 0.0038460410886825137 0.2727758509063559 0.5605932944811071 0.8064607568922629 0.9584418274944106 1.2006668184643248 2.3665839513550813
204 2040 -0.21089457150072982 -0.17980898916805393 0.8997761352961458 0.9999969951692158 0.0007878709160978007 0.001727339501624072 0.0038460410886825137 0.2727758509063559 0.5605932944811071 0.8064607568922629 0.9584418274944106 1.2006668184643248 2.3665839513550813
205 2050 -0.21089457150072982 -0.17980898916805393 0.8997761352961458 0.9999969951692158 0.0007878709160978007 0.001727339501624072 0.0038460410886825137 0.2727758509063559 0.5605932944811071 0.8064607568922629 0.9584418274944106 1.2006668184643248 2.3665839513550813
206 2060 -0.21089457150072982 -0.17980898916805393 0.8997761352961458 0.9999969951692158 0.0007878709160978007 0.001727339501624072 0.0038460410886825137 0.2727758509063559 0.5605932944811071 0.8064607568922629 0.9584418274944106 1.2006668184643248 2.3665839513550813
207 2070 -0.21089457150072982 -0.17980898916805393 0.8997761352961458 0.9999969951692158 0.0007878709160978007 0.001727339501624072 0.0038460410886825137 0.2727758509063559 0.5605932944811071 0.8064607568922629 0.9584418274944106 1.2006668184643248 2.3665839513550813
208 2080 -0.16344790692626554 -0.06402781301570831 0.8940159248102335 0.9999983739155777 0.0004641347248580135 0.0012156296819323925 0.003144683987527363 0.2713017983247775 0.5401806721874346 0.7464742679696424 0.9981837265621001 1.2261826567366898 2.36166680567155
209 2090 -0.16344790692626554 -0.06402781301570831 0.8940159248102335 0.9999983739155777 0.0004641347248580135 0.0012156296819323925 0.003144683987527363 0.2713017983247775 0.5401806721874346 0.7464742679696424 0.9981837265621001 1.2261826567366898 2.36166680567155
210 2100 -0.16344790692626554 -0.06402781301570831 0.8940159248102335 0.9999983739155777 0.0004641347248580135 0.0012156296819323925 0.003144683987527363 0.2713017983247775 0.5401806721874346 0.7464742679696424 0.9981837265621001 1.2261826567366898 2.36166680567155
211 2110 -0.16344790692626554 -0.06402781301570831 0.8940159248102335 0.9999983739155777 0.0004641347248580135 0.0012156296819323925 0.003144683987527363 0.2713017983247775 0.5401806721874346 0.7464742679696424 0.9981837265621001 1.2261826567366898 2.36166680567155
212 2120 -0.16344790692626554 -0.06402781301570831 0.8940159248102335 0.9999983739155777 0.0004641347248580135 0.0012156296819323925 0.003144683987527363 0.2713017983247775 0.5401806721874346 0.7464742679696424 0.9981837265621001 1.2261826567366898 2.36166680567155
213 2130 -0.16344790692626554 -0.06402781301570831 0.8940159248102335 0.9999983739155777 0.0004641347248580135 0.0012156296819323925 0.003144683987527363 0.2713017983247775 0.5401806721874346 0.7464742679696424 0.9981837265621001 1.2261826567366898 2.36166680567155
214 2140 -0.16344790692626554 -0.06402781301570831 0.8940159248102335 0.9999983739155777 0.0004641347248580135 0.0012156296819323925 0.003144683987527363 0.2713017983247775 0.5401806721874346 0.7464742679696424 0.9981837265621001 1.2261826567366898 2.36166680567155
215 2150 -0.16344790692626554 -0.06402781301570831 0.8940159248102335 0.9999983739155777 0.0004641347248580135 0.0012156296819323925 0.003144683987527363 0.2713017983247775 0.5401806721874346 0.7464742679696424 0.9981837265621001 1.2261826567366898 2.36166680567155
216 2160 -0.16344790692626554 -0.06402781301570831 0.8940159248102335 0.9999983739155777 0.0004641347248580135 0.0012156296819323925 0.003144683987527363 0.2713017983247775 0.5401806721874346 0.7464742679696424 0.9981837265621001 1.2261826567366898 2.36166680567155
217 2170 -0.19283085915831438 -0.05709866373295775 0.8927755928309464 0.9999990424098759 0.0002683198945033278 0.0008641579814074387 0.0027858906783035666 0.27053344893346215 0.5797425698502502 0.7968339632736258 1.0044094505205268 1.180598113451656 2.3565031319633825
218 2180 -0.19283085915831438 -0.05709866373295775 0.8927755928309464 0.9999990424098759 0.0002683198945033278 0.0008641579814074387 0.0027858906783035666 0.27053344893346215 0.5797425698502502 0.7968339632736258 1.0044094505205268 1.180598113451656 2.3565031319633825
219 2190 -0.19283085915831438 -0.05709866373295775 0.8927755928309464 0.9999990424098759 0.0002683198945033278 0.0008641579814074387 0.0027858906783035666 0.27053344893346215 0.5797425698502502 0.7968339632736258 1.0044094505205268 1.180598113451656 2.3565031319633825
220 2200 -0.19283085915831438 -0.05709866373295775 0.8927755928309464 0.9999990424098759 0.0002683198945033278 0.0008641579814074387 0.0027858906783035666 0.27053344893346215 0.5797425698502502 0.7968339632736258 1.0044094505205268 1.180598113451656 2.3565031319633825
221 2210 -0.19283085915831438 -0.05709866373295775 0.8927755928309464 0.9999990424098759 0.0002683198945033278 0.0008641579814074387 0.0027858906783035666 0.27053344893346215 0.5797425698502502 0.7968339632736258 1.0044094505205268 1.180598113451656 2.3565031319633825
222 2220 -0.19283085915831438 -0.05709866373295775 0.8927755928309464 0.9999990424098759 0.0002683198945033278 0.0008641579814074387 0.0027858906783035666 0.27053344893346215 0.5797425698502502 0.7968339632736258 1.0044094505205268 1.180598113451656 2.3565031319633825
223 2230 -0.19283085915831438 -0.05709866373295775 0.8927755928309464 0.9999990424098759 0.0002683198945033278 0.0008641579814074387 0.0027858906783035666 0.27053344893346215 0.5797425698502502 0.7968339632736258 1.0044094505205268 1.180598113451656 2.3565031319633825
224 2240 -0.19283085915831438 -0.05709866373295775 0.8927755928309464 0.9999990424098759 0.0002683198945033278 0.0008641579814074387 0.0027858906783035666 0.27053344893346215 0.5797425698502502 0.7968339632736258 1.0044094505205268 1.180598113451656 2.3565031319633825
225 2250 -0.19283085915831438 -0.05709866373295775 0.8927755928309464 0.9999990424098759 0.0002683198945033278 0.0008641579814074387 0.0027858906783035666 0.27053344893346215 0.5797425698502502 0.7968339632736258 1.0044094505205268 1.180598113451656 2.3565031319633825
226 2260 -0.19352984608516924 -0.031474768607354466 0.8756617898931278 0.9999994490114527 0.0001729053965697377 0.0006336277657957898 0.0021106649153122287 0.27580125587940846 0.5965410681966276 0.7722702972570721 0.9769769918511476 1.207462030273948 2.3577992971705704
227 2270 -0.19352984608516924 -0.031474768607354466 0.8756617898931278 0.9999994490114527 0.0001729053965697377 0.0006336277657957898 0.0021106649153122287 0.27580125587940846 0.5965410681966276 0.7722702972570721 0.9769769918511476 1.207462030273948 2.3577992971705704
228 2280 -0.19352984608516924 -0.031474768607354466 0.8756617898931278 0.9999994490114527 0.0001729053965697377 0.0006336277657957898 0.0021106649153122287 0.27580125587940846 0.5965410681966276 0.7722702972570721 0.9769769918511476 1.207462030273948 2.3577992971705704
229 2290 -0.19352984608516924 -0.031474768607354466 0.8756617898931278 0.9999994490114527 0.0001729053965697377 0.0006336277657957898 0.0021106649153122287 0.27580125587940846 0.5965410681966276 0.7722702972570721 0.9769769918511476 1.207462030273948 2.3577992971705704
230 2300 -0.19352984608516924 -0.031474768607354466 0.8756617898931278 0.9999994490114527 0.0001729053965697377 0.0006336277657957898 0.0021106649153122287 0.27580125587940846 0.5965410681966276 0.7722702972570721 0.9769769918511476 1.207462030273948 2.3577992971705704
231 2310 -0.19352984608516924 -0.031474768607354466 0.8756617898931278 0.9999994490114527 0.0001729053965697377 0.0006336277657957898 0.0021106649153122287 0.27580125587940846 0.5965410681966276 0.7722702972570721 0.9769769918511476 1.207462030273948 2.3577992971705704
232 2320 -0.19352984608516924 -0.031474768607354466 0.8756617898931278 0.9999994490114527 0.0001729053965697377 0.0006336277657957898 0.0021106649153122287 0.27580125587940846 0.5965410681966276 0.7722702972570721 0.9769769918511476 1.207462030273948 2.3577992971705704
233 2330 -0.19352984608516924 -0.031474768607354466 0.8756617898931278 0.9999994490114527 0.0001729053965697377 0.0006336277657957898 0.0021106649153122287 0.27580125587940846 0.5965410681966276 0.7722702972570721 0.9769769918511476 1.207462030273948 2.3577992971705704
234 2340 -0.19352984608516924 -0.031474768607354466 0.8756617898931278 0.9999994490114527 0.0001729053965697377 0.0006336277657957898 0.0021106649153122287 0.27580125587940846 0.5965410681966276 0.7722702972570721 0.9769769918511476 1.207462030273948 2.3577992971705704
235 2350 -0.3043373045765098 -0.055874977049113976 0.897908960490251 0.9999997135083247 8.317554285370923e-05 0.0005329049553142063 0.0015923657198034073 0.26236526934896115 0.5783654475818906 0.8105156935038625 0.9277261517807263 1.1782080308466738 2.3855543133374426
236 2360 -0.3043373045765098 -0.055874977049113976 0.897908960490251 0.9999997135083247 8.317554285370923e-05 0.0005329049553142063 0.0015923657198034073 0.26236526934896115 0.5783654475818906 0.8105156935038625 0.9277261517807263 1.1782080308466738 2.3855543133374426
237 2370 -0.3043373045765098 -0.055874977049113976 0.897908960490251 0.9999997135083247 8.317554285370923e-05 0.0005329049553142063 0.0015923657198034073 0.26236526934896115 0.5783654475818906 0.8105156935038625 0.9277261517807263 1.1782080308466738 2.3855543133374426
238 2380 -0.3043373045765098 -0.055874977049113976 0.897908960490251 0.9999997135083247 8.317554285370923e-05 0.0005329049553142063 0.0015923657198034073 0.26236526934896115 0.5783654475818906 0.8105156935038625 0.9277261517807263 1.1782080308466738 2.3855543133374426
239 2390 -0.3043373045765098 -0.055874977049113976 0.897908960490251 0.9999997135083247 8.317554285370923e-05 0.0005329049553142063 0.0015923657198034073 0.26236526934896115 0.5783654475818906 0.8105156935038625 0.9277261517807263 1.1782080308466738 2.3855543133374426
240 2400 -0.3043373045765098 -0.055874977049113976 0.897908960490251 0.9999997135083247 8.317554285370923e-05 0.0005329049553142063 0.0015923657198034073 0.26236526934896115 0.5783654475818906 0.8105156935038625 0.9277261517807263 1.1782080308466738 2.3855543133374426
241 2410 -0.3043373045765098 -0.055874977049113976 0.897908960490251 0.9999997135083247 8.317554285370923e-05 0.0005329049553142063 0.0015923657198034073 0.26236526934896115 0.5783654475818906 0.8105156935038625 0.9277261517807263 1.1782080308466738 2.3855543133374426
242 2420 -0.3043373045765098 -0.055874977049113976 0.897908960490251 0.9999997135083247 8.317554285370923e-05 0.0005329049553142063 0.0015923657198034073 0.26236526934896115 0.5783654475818906 0.8105156935038625 0.9277261517807263 1.1782080308466738 2.3855543133374426
243 2430 -0.3043373045765098 -0.055874977049113976 0.897908960490251 0.9999997135083247 8.317554285370923e-05 0.0005329049553142063 0.0015923657198034073 0.26236526934896115 0.5783654475818906 0.8105156935038625 0.9277261517807263 1.1782080308466738 2.3855543133374426
244 2440 -0.2188510512684425 0.03192788191935939 0.9054455759815521 0.9999998323397589 6.875453582212361e-05 0.0004248384310971828 0.0013744105569858938 0.2614912300238454 0.5940603053753868 0.8067525212950347 0.933706382979364 1.2076614684625284 2.3659267007532776
245 2450 -0.2188510512684425 0.03192788191935939 0.9054455759815521 0.9999998323397589 6.875453582212361e-05 0.0004248384310971828 0.0013744105569858938 0.2614912300238454 0.5940603053753868 0.8067525212950347 0.933706382979364 1.2076614684625284 2.3659267007532776
246 2460 -0.2188510512684425 0.03192788191935939 0.9054455759815521 0.9999998323397589 6.875453582212361e-05 0.0004248384310971828 0.0013744105569858938 0.2614912300238454 0.5940603053753868 0.8067525212950347 0.933706382979364 1.2076614684625284 2.3659267007532776
247 2470 -0.2188510512684425 0.03192788191935939 0.9054455759815521 0.9999998323397589 6.875453582212361e-05 0.0004248384310971828 0.0013744105569858938 0.2614912300238454 0.5940603053753868 0.8067525212950347 0.933706382979364 1.2076614684625284 2.3659267007532776
248 2480 -0.2188510512684425 0.03192788191935939 0.9054455759815521 0.9999998323397589 6.875453582212361e-05 0.0004248384310971828 0.0013744105569858938 0.2614912300238454 0.5940603053753868 0.8067525212950347 0.933706382979364 1.2076614684625284 2.3659267007532776
249 2490 -0.2188510512684425 0.03192788191935939 0.9054455759815521 0.9999998323397589 6.875453582212361e-05 0.0004248384310971828 0.0013744105569858938 0.2614912300238454 0.5940603053753868 0.8067525212950347 0.933706382979364 1.2076614684625284 2.3659267007532776
250 2500 -0.2188510512684425 0.03192788191935939 0.9054455759815521 0.9999998323397589 6.875453582212361e-05 0.0004248384310971828 0.0013744105569858938 0.2614912300238454 0.5940603053753868 0.8067525212950347 0.933706382979364 1.2076614684625284 2.3659267007532776
251 2510 -0.2188510512684425 0.03192788191935939 0.9054455759815521 0.9999998323397589 6.875453582212361e-05 0.0004248384310971828 0.0013744105569858938 0.2614912300238454 0.5940603053753868 0.8067525212950347 0.933706382979364 1.2076614684625284 2.3659267007532776
252 2520 -0.2188510512684425 0.03192788191935939 0.9054455759815521 0.9999998323397589 6.875453582212361e-05 0.0004248384310971828 0.0013744105569858938 0.2614912300238454 0.5940603053753868 0.8067525212950347 0.933706382979364 1.2076614684625284 2.3659267007532776
253 2530 -0.1675681960623889 0.023704323958303068 0.8998473108442713 0.9999998992028785 5.645567912958842e-05 0.0003113370696319013 0.0011666188164890774 0.25555329905538615 0.6204731936157082 0.9036036499505812 1.0053074439385956 1.0650617842283885 2.363938419029276
254 2540 -0.1675681960623889 0.023704323958303068 0.8998473108442713 0.9999998992028785 5.645567912958842e-05 0.0003113370696319013 0.0011666188164890774 0.25555329905538615 0.6204731936157082 0.9036036499505812 1.0053074439385956 1.0650617842283885 2.363938419029276
255 2550 -0.1675681960623889 0.023704323958303068 0.8998473108442713 0.9999998992028785 5.645567912958842e-05 0.0003113370696319013 0.0011666188164890774 0.25555329905538615 0.6204731936157082 0.9036036499505812 1.0053074439385956 1.0650617842283885 2.363938419029276
256 2560 -0.1675681960623889 0.023704323958303068 0.8998473108442713 0.9999998992028785 5.645567912958842e-05 0.0003113370696319013 0.0011666188164890774 0.25555329905538615 0.6204731936157082 0.9036036499505812 1.0053074439385956 1.0650617842283885 2.363938419029276
257 2570 -0.1675681960623889 0.023704323958303068 0.8998473108442713 0.9999998992028785 5.645567912958842e-05 0.0003113370696319013 0.0011666188164890774 0.25555329905538615 0.6204731936157082 0.9036036499505812 1.0053074439385956 1.0650617842283885 2.363938419029276
258 2580 -0.1675681960623889 0.023704323958303068 0.8998473108442713 0.9999998992028785 5.645567912958842e-05 0.0003113370696319013 0.0011666188164890774 0.25555329905538615 0.6204731936157082 0.9036036499505812 1.0053074439385956 1.0650617842283885 2.363938419029276
259 2590 -0.1675681960623889 0.023704323958303068 0.8998473108442713 0.9999998992028785 5.645567912958842e-05 0.0003113370696319013 0.0011666188164890774 0.25555329905538615 0.6204731936157082 0.9036036499505812 1.0053074439385956 1.0650617842283885 2.363938419029276
260 2600 -0.1675681960623889 0.023704323958303068 0.8998473108442713 0.9999998992028785 5.645567912958842e-05 0.0003113370696319013 0.0011666188164890774 0.25555329905538615 0.6204731936157082 0.9036036499505812 1.0053074439385956 1.0650617842283885 2.363938419029276
261 2610 -0.1675681960623889 0.023704323958303068 0.8998473108442713 0.9999998992028785 5.645567912958842e-05 0.0003113370696319013 0.0011666188164890774 0.25555329905538615 0.6204731936157082 0.9036036499505812 1.0053074439385956 1.0650617842283885 2.363938419029276
262 2620 -0.17552819744351522 -0.008939105588032889 0.8892608329361779 0.9999999286736613 4.524274534722628e-05 0.00023864942095257893 0.00092621064632496 0.25474583185858335 0.6261799784464303 0.9216317247269454 0.9745030921896716 1.0926797199115954 2.3558420990933193
263 2630 -0.17552819744351522 -0.008939105588032889 0.8892608329361779 0.9999999286736613 4.524274534722628e-05 0.00023864942095257893 0.00092621064632496 0.25474583185858335 0.6261799784464303 0.9216317247269454 0.9745030921896716 1.0926797199115954 2.3558420990933193
264 2640 -0.17552819744351522 -0.008939105588032889 0.8892608329361779 0.9999999286736613 4.524274534722628e-05 0.00023864942095257893 0.00092621064632496 0.25474583185858335 0.6261799784464303 0.9216317247269454 0.9745030921896716 1.0926797199115954 2.3558420990933193
265 2650 -0.17552819744351522 -0.008939105588032889 0.8892608329361779 0.9999999286736613 4.524274534722628e-05 0.00023864942095257893 0.00092621064632496 0.25474583185858335 0.6261799784464303 0.9216317247269454 0.9745030921896716 1.0926797199115954 2.3558420990933193
266 2660 -0.17552819744351522 -0.008939105588032889 0.8892608329361779 0.9999999286736613 4.524274534722628e-05 0.00023864942095257893 0.00092621064632496 0.25474583185858335 0.6261799784464303 0.9216317247269454 0.9745030921896716 1.0926797199115954 2.3558420990933193
267 2670 -0.17552819744351522 -0.008939105588032889 0.8892608329361779 0.9999999286736613 4.524274534722628e-05 0.00023864942095257893 0.00092621064632496 0.25474583185858335 0.6261799784464303 0.9216317247269454 0.9745030921896716 1.0926797199115954 2.3558420990933193
268 2680 -0.17552819744351522 -0.008939105588032889 0.8892608329361779 0.9999999286736613 4.524274534722628e-05 0.00023864942095257893 0.00092621064632496 0.25474583185858335 0.6261799784464303 0.9216317247269454 0.9745030921896716 1.0926797199115954 2.3558420990933193
269 2690 -0.17552819744351522 -0.008939105588032889 0.8892608329361779 0.9999999286736613 4.524274534722628e-05 0.00023864942095257893 0.00092621064632496 0.25474583185858335 0.6261799784464303 0.9216317247269454 0.9745030921896716 1.0926797199115954 2.3558420990933193
270 2700 -0.17552819744351522 -0.008939105588032889 0.8892608329361779 0.9999999286736613 4.524274534722628e-05 0.00023864942095257893 0.00092621064632496 0.25474583185858335 0.6261799784464303 0.9216317247269454 0.9745030921896716 1.0926797199115954 2.3558420990933193
271 2710 -0.27003144294303744 -0.07173944672358137 0.9234090100654451 0.9999999632277239 3.5600248516376916e-05 0.00015401695288145986 0.0006618583709815921 0.2057965630317239 0.5385081576555288 0.852902328081597 0.9213193909518441 1.1894696043193402 2.382550426485698
272 2720 -0.27003144294303744 -0.07173944672358137 0.9234090100654451 0.9999999632277239 3.5600248516376916e-05 0.00015401695288145986 0.0006618583709815921 0.2057965630317239 0.5385081576555288 0.852902328081597 0.9213193909518441 1.1894696043193402 2.382550426485698
273 2730 -0.27003144294303744 -0.07173944672358137 0.9234090100654451 0.9999999632277239 3.5600248516376916e-05 0.00015401695288145986 0.0006618583709815921 0.2057965630317239 0.5385081576555288 0.852902328081597 0.9213193909518441 1.1894696043193402 2.382550426485698
274 2740 -0.27003144294303744 -0.07173944672358137 0.9234090100654451 0.9999999632277239 3.5600248516376916e-05 0.00015401695288145986 0.0006618583709815921 0.2057965630317239 0.5385081576555288 0.852902328081597 0.9213193909518441 1.1894696043193402 2.382550426485698
275 2750 -0.27003144294303744 -0.07173944672358137 0.9234090100654451 0.9999999632277239 3.5600248516376916e-05 0.00015401695288145986 0.0006618583709815921 0.2057965630317239 0.5385081576555288 0.852902328081597 0.9213193909518441 1.1894696043193402 2.382550426485698
276 2760 -0.27003144294303744 -0.07173944672358137 0.9234090100654451 0.9999999632277239 3.5600248516376916e-05 0.00015401695288145986 0.0006618583709815921 0.2057965630317239 0.5385081576555288 0.852902328081597 0.9213193909518441 1.1894696043193402 2.382550426485698
277 2770 -0.27003144294303744 -0.07173944672358137 0.9234090100654451 0.9999999632277239 3.5600248516376916e-05 0.00015401695288145986 0.0006618583709815921 0.2057965630317239 0.5385081576555288 0.852902328081597 0.9213193909518441 1.1894696043193402 2.382550426485698
278 2780 -0.27003144294303744 -0.07173944672358137 0.9234090100654451 0.9999999632277239 3.5600248516376916e-05 0.00015401695288145986 0.0006618583709815921 0.2057965630317239 0.5385081576555288 0.852902328081597 0.9213193909518441 1.1894696043193402 2.382550426485698
279 2790 -0.27003144294303744 -0.07173944672358137 0.9234090100654451 0.9999999632277239 3.5600248516376916e-05 0.00015401695288145986 0.0006618583709815921 0.2057965630317239 0.5385081576555288 0.852902328081597 0.9213193909518441 1.1894696043193402 2.382550426485698
280 2800 -0.22832353268340425 -0.09182352936030869 0.9223203308255228 0.9999999624762734 3.451360926539968e-05 0.00011710793866447041 0.000521977642072664 0.20271950520945914 0.5609597032956096 0.8400023978720461 0.9761293792461788 1.1382559627704367 2.38540761629522
281 2810 -0.22832353268340425 -0.09182352936030869 0.9223203308255228 0.9999999624762734 3.451360926539968e-05 0.00011710793866447041 0.000521977642072664 0.20271950520945914 0.5609597032956096 0.8400023978720461 0.9761293792461788 1.1382559627704367 2.38540761629522
282 2820 -0.22832353268340425 -0.09182352936030869 0.9223203308255228 0.9999999624762734 3.451360926539968e-05 0.00011710793866447041 0.000521977642072664 0.20271950520945914 0.5609597032956096 0.8400023978720461 0.9761293792461788 1.1382559627704367 2.38540761629522
283 2830 -0.22832353268340425 -0.09182352936030869 0.9223203308255228 0.9999999624762734 3.451360926539968e-05 0.00011710793866447041 0.000521977642072664 0.20271950520945914 0.5609597032956096 0.8400023978720461 0.9761293792461788 1.1382559627704367 2.38540761629522
284 2840 -0.22832353268340425 -0.09182352936030869 0.9223203308255228 0.9999999624762734 3.451360926539968e-05 0.00011710793866447041 0.000521977642072664 0.20271950520945914 0.5609597032956096 0.8400023978720461 0.9761293792461788 1.1382559627704367 2.38540761629522
285 2850 -0.22832353268340425 -0.09182352936030869 0.9223203308255228 0.9999999624762734 3.451360926539968e-05 0.00011710793866447041 0.000521977642072664 0.20271950520945914 0.5609597032956096 0.8400023978720461 0.9761293792461788 1.1382559627704367 2.38540761629522
286 2860 -0.22832353268340425 -0.09182352936030869 0.9223203308255228 0.9999999624762734 3.451360926539968e-05 0.00011710793866447041 0.000521977642072664 0.20271950520945914 0.5609597032956096 0.8400023978720461 0.9761293792461788 1.1382559627704367 2.38540761629522
287 2870 -0.22832353268340425 -0.09182352936030869 0.9223203308255228 0.9999999624762734 3.451360926539968e-05 0.00011710793866447041 0.000521977642072664 0.20271950520945914 0.5609597032956096 0.8400023978720461 0.9761293792461788 1.1382559627704367 2.38540761629522
288 2880 -0.22832353268340425 -0.09182352936030869 0.9223203308255228 0.9999999624762734 3.451360926539968e-05 0.00011710793866447041 0.000521977642072664 0.20271950520945914 0.5609597032956096 0.8400023978720461 0.9761293792461788 1.1382559627704367 2.38540761629522
289 2890 -0.34462934264577344 -0.21184042359396837 0.9265871790920266 0.9999999763318774 2.890480604631918e-05 9.504103042904249e-05 0.00041681693761350515 0.1787273356798006 0.5209487138629775 0.9088861598239212 0.924615845663365 1.0385154414459838 2.436630041206022
290 2900 -0.34462934264577344 -0.21184042359396837 0.9265871790920266 0.9999999763318774 2.890480604631918e-05 9.504103042904249e-05 0.00041681693761350515 0.1787273356798006 0.5209487138629775 0.9088861598239212 0.924615845663365 1.0385154414459838 2.436630041206022
291 2910 -0.34462934264577344 -0.21184042359396837 0.9265871790920266 0.9999999763318774 2.890480604631918e-05 9.504103042904249e-05 0.00041681693761350515 0.1787273356798006 0.5209487138629775 0.9088861598239212 0.924615845663365 1.0385154414459838 2.436630041206022
292 2920 -0.34462934264577344 -0.21184042359396837 0.9265871790920266 0.9999999763318774 2.890480604631918e-05 9.504103042904249e-05 0.00041681693761350515 0.1787273356798006 0.5209487138629775 0.9088861598239212 0.924615845663365 1.0385154414459838 2.436630041206022
293 2930 -0.34462934264577344 -0.21184042359396837 0.9265871790920266 0.9999999763318774 2.890480604631918e-05 9.504103042904249e-05 0.00041681693761350515 0.1787273356798006 0.5209487138629775 0.9088861598239212 0.924615845663365 1.0385154414459838 2.436630041206022
294 2940 -0.34462934264577344 -0.21184042359396837 0.9265871790920266 0.9999999763318774 2.890480604631918e-05 9.504103042904249e-05 0.00041681693761350515 0.1787273356798006 0.5209487138629775 0.9088861598239212 0.924615845663365 1.0385154414459838 2.436630041206022
295 2950 -0.34462934264577344 -0.21184042359396837 0.9265871790920266 0.9999999763318774 2.890480604631918e-05 9.504103042904249e-05 0.00041681693761350515 0.1787273356798006 0.5209487138629775 0.9088861598239212 0.924615845663365 1.0385154414459838 2.436630041206022
296 2960 -0.34462934264577344 -0.21184042359396837 0.9265871790920266 0.9999999763318774 2.890480604631918e-05 9.504103042904249e-05 0.00041681693761350515 0.1787273356798006 0.5209487138629775 0.9088861598239212 0.924615845663365 1.0385154414459838 2.436630041206022
297 2970 -0.34462934264577344 -0.21184042359396837 0.9265871790920266 0.9999999763318774 2.890480604631918e-05 9.504103042904249e-05 0.00041681693761350515 0.1787273356798006 0.5209487138629775 0.9088861598239212 0.924615845663365 1.0385154414459838 2.436630041206022
298 2980 -0.4268078642409424 -0.1391319042908982 0.9060303809510853 0.9999999698893554 2.8108393828296383e-05 7.8470715204485e-05 0.00033540487141519215 0.19063315593576438 0.5699391074428347 0.8578576941004669 0.9490005533484542 1.0760690706116454 2.417515620613654
299 2990 -0.4268078642409424 -0.1391319042908982 0.9060303809510853 0.9999999698893554 2.8108393828296383e-05 7.8470715204485e-05 0.00033540487141519215 0.19063315593576438 0.5699391074428347 0.8578576941004669 0.9490005533484542 1.0760690706116454 2.417515620613654
300 3000 -0.4268078642409424 -0.1391319042908982 0.9060303809510853 0.9999999698893554 2.8108393828296383e-05 7.8470715204485e-05 0.00033540487141519215 0.19063315593576438 0.5699391074428347 0.8578576941004669 0.9490005533484542 1.0760690706116454 2.417515620613654
301 3010 -0.4268078642409424 -0.1391319042908982 0.9060303809510853 0.9999999698893554 2.8108393828296383e-05 7.8470715204485e-05 0.00033540487141519215 0.19063315593576438 0.5699391074428347 0.8578576941004669 0.9490005533484542 1.0760690706116454 2.417515620613654
302 3020 -0.4268078642409424 -0.1391319042908982 0.9060303809510853 0.9999999698893554 2.8108393828296383e-05 7.8470715204485e-05 0.00033540487141519215 0.19063315593576438 0.5699391074428347 0.8578576941004669 0.9490005533484542 1.0760690706116454 2.417515620613654
303 3030 -0.4268078642409424 -0.1391319042908982 0.9060303809510853 0.9999999698893554 2.8108393828296383e-05 7.8470715204485e-05 0.00033540487141519215 0.19063315593576438 0.5699391074428347 0.8578576941004669 0.9490005533484542 1.0760690706116454 2.417515620613654
304 3040 -0.4268078642409424 -0.1391319042908982 0.9060303809510853 0.9999999698893554 2.8108393828296383e-05 7.8470715204485e-05 0.00033540487141519215 0.19063315593576438 0.5699391074428347 0.8578576941004669 0.9490005533484542 1.0760690706116454 2.417515620613654
305 3050 -0.4268078642409424 -0.1391319042908982 0.9060303809510853 0.9999999698893554 2.8108393828296383e-05 7.8470715204485e-05 0.00033540487141519215 0.19063315593576438 0.5699391074428347 0.8578576941004669 0.9490005533484542 1.0760690706116454 2.417515620613654
306 3060 -0.4268078642409424 -0.1391319042908982 0.9060303809510853 0.9999999698893554 2.8108393828296383e-05 7.8470715204485e-05 0.00033540487141519215 0.19063315593576438 0.5699391074428347 0.8578576941004669 0.9490005533484542 1.0760690706116454 2.417515620613654
307 3070 -0.3726324728509164 -0.11379069564697233 0.8774780153169708 0.9999999700985158 2.8343263397126534e-05 7.738152202468343e-05 0.00032053685552990116 0.20873072734542736 0.6313071940498587 0.7360894582474437 0.9765164241929907 1.1599182205159586 2.3910374955489586
308 3080 -0.3726324728509164 -0.11379069564697233 0.8774780153169708 0.9999999700985158 2.8343263397126534e-05 7.738152202468343e-05 0.00032053685552990116 0.20873072734542736 0.6313071940498587 0.7360894582474437 0.9765164241929907 1.1599182205159586 2.3910374955489586
309 3090 -0.3726324728509164 -0.11379069564697233 0.8774780153169708 0.9999999700985158 2.8343263397126534e-05 7.738152202468343e-05 0.00032053685552990116 0.20873072734542736 0.6313071940498587 0.7360894582474437 0.9765164241929907 1.1599182205159586 2.3910374955489586
310 3100 -0.3726324728509164 -0.11379069564697233 0.8774780153169708 0.9999999700985158 2.8343263397126534e-05 7.738152202468343e-05 0.00032053685552990116 0.20873072734542736 0.6313071940498587 0.7360894582474437 0.9765164241929907 1.1599182205159586 2.3910374955489586
311 3110 -0.3726324728509164 -0.11379069564697233 0.8774780153169708 0.9999999700985158 2.8343263397126534e-05 7.738152202468343e-05 0.00032053685552990116 0.20873072734542736 0.6313071940498587 0.7360894582474437 0.9765164241929907 1.1599182205159586 2.3910374955489586
312 3120 -0.3726324728509164 -0.11379069564697233 0.8774780153169708 0.9999999700985158 2.8343263397126534e-05 7.738152202468343e-05 0.00032053685552990116 0.20873072734542736 0.6313071940498587 0.7360894582474437 0.9765164241929907 1.1599182205159586 2.3910374955489586
313 3130 -0.3726324728509164 -0.11379069564697233 0.8774780153169708 0.9999999700985158 2.8343263397126534e-05 7.738152202468343e-05 0.00032053685552990116 0.20873072734542736 0.6313071940498587 0.7360894582474437 0.9765164241929907 1.1599182205159586 2.3910374955489586
314 3140 -0.3726324728509164 -0.11379069564697233 0.8774780153169708 0.9999999700985158 2.8343263397126534e-05 7.738152202468343e-05 0.00032053685552990116 0.20873072734542736 0.6313071940498587 0.7360894582474437 0.9765164241929907 1.1599182205159586 2.3910374955489586
315 3150 -0.3726324728509164 -0.11379069564697233 0.8774780153169708 0.9999999700985158 2.8343263397126534e-05 7.738152202468343e-05 0.00032053685552990116 0.20873072734542736 0.6313071940498587 0.7360894582474437 0.9765164241929907 1.1599182205159586 2.3910374955489586
316 3160 -0.431698671100854 -0.13721878456126968 0.8904098400456406 0.9999999745227177 2.9101710007104513e-05 6.32635099899901e-05 0.00028025148664113296 0.2006511893952458 0.5711858300265306 0.699304250534576 0.9949061987544828 1.1912670489150297 2.3948911882201567
317 3170 -0.431698671100854 -0.13721878456126968 0.8904098400456406 0.9999999745227177 2.9101710007104513e-05 6.32635099899901e-05 0.00028025148664113296 0.2006511893952458 0.5711858300265306 0.699304250534576 0.9949061987544828 1.1912670489150297 2.3948911882201567
318 3180 -0.431698671100854 -0.13721878456126968 0.8904098400456406 0.9999999745227177 2.9101710007104513e-05 6.32635099899901e-05 0.00028025148664113296 0.2006511893952458 0.5711858300265306 0.699304250534576 0.9949061987544828 1.1912670489150297 2.3948911882201567
319 3190 -0.431698671100854 -0.13721878456126968 0.8904098400456406 0.9999999745227177 2.9101710007104513e-05 6.32635099899901e-05 0.00028025148664113296 0.2006511893952458 0.5711858300265306 0.699304250534576 0.9949061987544828 1.1912670489150297 2.3948911882201567
320 3200 -0.431698671100854 -0.13721878456126968 0.8904098400456406 0.9999999745227177 2.9101710007104513e-05 6.32635099899901e-05 0.00028025148664113296 0.2006511893952458 0.5711858300265306 0.699304250534576 0.9949061987544828 1.1912670489150297 2.3948911882201567
321 3210 -0.431698671100854 -0.13721878456126968 0.8904098400456406 0.9999999745227177 2.9101710007104513e-05 6.32635099899901e-05 0.00028025148664113296 0.2006511893952458 0.5711858300265306 0.699304250534576 0.9949061987544828 1.1912670489150297 2.3948911882201567
322 3220 -0.431698671100854 -0.13721878456126968 0.8904098400456406 0.9999999745227177 2.9101710007104513e-05 6.32635099899901e-05 0.00028025148664113296 0.2006511893952458 0.5711858300265306 0.699304250534576 0.9949061987544828 1.1912670489150297 2.3948911882201567
323 3230 -0.431698671100854 -0.13721878456126968 0.8904098400456406 0.9999999745227177 2.9101710007104513e-05 6.32635099899901e-05 0.00028025148664113296 0.2006511893952458 0.5711858300265306 0.699304250534576 0.9949061987544828 1.1912670489150297 2.3948911882201567
324 3240 -0.431698671100854 -0.13721878456126968 0.8904098400456406 0.9999999745227177 2.9101710007104513e-05 6.32635099899901e-05 0.00028025148664113296 0.2006511893952458 0.5711858300265306 0.699304250534576 0.9949061987544828 1.1912670489150297 2.3948911882201567
