% # columns="iteration, evaluation, sigma, axis ratio, bestever, best, median, worst objective function value, further objective values of best", seed=617773, Tue Jul  6 15:34:05 2021, <python>{}</python>
1 10 0.9201427643059181 1.0000444454321133 0.0016962407655080566 1.6962407655080566e-03 0.6194918085728343 11.02250885206674   
2 20 0.9519580691802295 1.146306832780227 0.0016962407655080566 2.6111379608398722e-01 1.636830921778161 6.743848055264887   
3 30 0.8805896736379946 1.3479834304932896 0.0016962407655080566 3.0228787099905066e-03 2.8306336502184912 18.454619560607345   
4 40 0.7879425588683919 1.431276173177463 0.0016962407655080566 2.8036156354977987e-01 1.8212393730046303 8.285119850805572   
5 50 0.7613626484516246 1.4636090790879002 0.0016962407655080566 7.5898738370812707e-02 0.9325869126136423 7.29895689070831   
6 60 0.7940836235419887 1.5320839879232244 0.0016962407655080566 8.2152992056735621e-03 0.5144103132670738 8.891362772648309   
7 70 0.8013200167560796 1.6235685224718075 0.0016962407655080566 2.8339918206697300e-02 1.7611131235713313 5.5468885126308125   
8 80 0.7593403805928208 1.700078158447088 0.0016962407655080566 2.9803685323607665e-02 0.7943015485956993 2.673281436670516   
9 90 0.7241795358568422 1.7732434001092785 0.0016962407655080566 1.4426942424699116e-02 0.3357036531431525 2.663743003802046   
10 100 0.697317474202076 1.8151691665791754 0.0016962407655080566 4.9715445809849906e-02 1.9412691682743368 4.39577439641016   
11 110 0.6379191885453696 1.9617912076895814 0.0016962407655080566 1.1656243412630662e-01 1.0014696563889105 3.9992731083306907   
12 120 0.5982781245046616 2.018331799944257 0.0012400187115900938 1.2400187115900938e-03 1.0726294499978228 3.057146379204787   
13 130 0.5684633094242157 2.208768117583196 0.0012400187115900938 1.2150824575674917e-02 0.13152192197383225 0.5856558102589589   
14 140 0.6296850012644382 2.2229440479034834 0.0012400187115900938 2.8992597876815893e-02 0.7803949564631671 2.9515420104000736   
15 150 0.6195053496862316 2.53872592912288 0.0012400187115900938 1.1740066328000915e-02 0.2940262621521755 1.0572901694816679   
16 160 0.650265008620169 2.7768168539985094 0.0012400187115900938 1.4066929630941492e-02 0.20519334755883512 0.8227792397700407   
17 170 0.5677184311383131 2.846380733853402 0.0012400187115900938 1.3252557316761029e-01 0.6337372408385504 1.7731981302476953   
18 180 0.520023803623496 3.1457583940628235 0.0012400187115900938 1.4132829030302966e-02 0.25793103022002584 0.9150049984517359   
19 190 0.501607165883581 3.2765597798295087 0.0012400187115900938 1.6466461285952735e-02 0.39083254522530164 1.067299410384857   
20 200 0.507793167877313 3.6907776364215756 0.0012400187115900938 1.4012081891800004e-03 0.1017016293614028 0.5969629913333905   
21 210 0.46386129231226836 4.058693709910075 0.0012400187115900938 2.1711542654200413e-02 0.09150063195738081 0.2545845521204791   
22 220 0.45329757759506417 4.161751970008545 0.0012400187115900938 3.2914129314122278e-03 0.10857637745717208 0.24047638024354545   
23 230 0.43849194915115774 4.414788251165654 0.0012400187115900938 2.4263425792584526e-03 0.12057084632221472 0.7315770091148927   
24 240 0.4571365321935193 4.443009096551728 0.0012400187115900938 9.0258715865189614e-03 0.03818197094247807 0.3014278530210169   
25 250 0.43955688851512803 4.913392750879056 0.0012400187115900938 1.0665702606943243e-02 0.08314947672051415 0.19042044687414023   
26 260 0.41862746437177173 5.4688449906339995 0.00038591598775620373 3.8591598775620373e-04 0.062157742967951506 0.22261976998291833   
27 270 0.4444072661449563 5.570669663062156 0.00038591598775620373 5.3336552297281311e-03 0.07278817080407785 0.44703011476172366   
28 280 0.4477257673811961 5.981646668458222 0.00038591598775620373 5.9598885401618371e-04 0.10901583493178661 0.25745246745089506   
29 290 0.43459406785997395 6.63061328406074 0.00038591598775620373 4.4504065613099148e-03 0.03705395807823781 0.30795530855996534   
30 300 0.4172200084488227 7.017104745469781 0.00038591598775620373 1.1693991357793431e-03 0.00797877187189603 0.2356380261610402   
31 310 0.3762134362745028 7.352638645608236 0.00038591598775620373 8.7970383949303038e-03 0.05915728255212385 0.11818152791590175   
32 320 0.3572149266554427 7.578725985735307 0.00036665333991922004 3.6665333991922004e-04 0.022459379210046173 0.06983022465764532   
33 330 0.3396522250881238 8.035746606494953 0.00036665333991922004 2.9381703338086035e-03 0.01870036143616165 0.06417548894658237   
34 340 0.33298690742626413 8.35842578232478 0.00036665333991922004 4.1573126853079690e-04 0.06794395534180618 0.14244508578137552   
35 350 0.34431987128882113 8.742403544257462 0.00036665333991922004 6.4512865845737189e-03 0.031364161121486246 0.1508224024969647   
36 360 0.3123224835536548 8.868337855074971 0.00036665333991922004 4.4017718390283464e-03 0.01308562441748694 0.10619997667194477   
37 370 0.2872487060390459 9.036875968499269 0.0001708469695094622 1.7084696950946221e-04 0.02149965841529857 0.08179438113730302   
38 380 0.28025144438047794 9.352492944982792 0.0001708469695094622 2.1909326800235228e-03 0.01452876215666088 0.05258103348362442   
39 390 0.28918281161497644 9.37797721803878 0.0001708469695094622 1.0828906327399919e-03 0.005710128254840697 0.018213258805615352   
40 400 0.2948595261895934 10.378061218394514 0.0001708469695094622 2.6650070643716418e-03 0.017987749346837466 0.0851302210956693   
41 410 0.33171817548370075 12.025182001773512 0.0001708469695094622 8.3530920279548167e-03 0.02524979668128749 0.06464339538029334   
42 420 0.3469247999172766 13.86504966794207 0.0001708469695094622 1.4543180281620736e-03 0.014219222543278466 0.13549225127824896   
43 430 0.3949851869834495 14.57384703997113 0.0001708469695094622 2.6274814403008060e-04 0.005712633768683467 0.01859115064097535   
44 440 0.41090107718599395 14.795789690037546 0.0001708469695094622 3.1662260553939783e-03 0.049212677109334795 0.16406331725663564   
45 450 0.4066476442611714 15.775447980021996 0.0001708469695094622 4.6055629879057999e-04 0.013418192111607314 0.03304202312318339   
46 460 0.40853748813446417 15.216357567320314 8.732515496792609e-05 8.7325154967926087e-05 0.006509532311340726 0.02065921346444783   
47 470 0.3902216203119866 15.456618189673561 8.732515496792609e-05 3.7637241670538199e-04 0.02868766554112996 0.0782583066568044   
48 480 0.3709405011995893 16.7978335640949 8.732515496792609e-05 1.0842501945827318e-03 0.019509937778139343 0.11753378440315497   
49 490 0.3802750461269539 17.684907312474582 8.732515496792609e-05 1.9741994347569581e-03 0.005872594097878175 0.04987822125070647   
50 500 0.39122328966696884 20.11613502800062 8.732515496792609e-05 1.7090717911895432e-04 0.006471330405308236 0.038921098158942076   
51 510 0.3662215047004027 21.064387806719026 8.732515496792609e-05 3.8407060753103023e-04 0.004555331849861416 0.02477630179807681   
52 520 0.3369778760029268 21.709884746899043 8.732515496792609e-05 5.1428783736394304e-04 0.00589756926831314 0.008769451313604019   
53 530 0.30512625742344623 21.527907109858216 8.732515496792609e-05 1.4494142079429120e-04 0.006252610853547896 0.014397927929402943   
54 540 0.27708762758689576 22.258820703813313 8.732515496792609e-05 1.8065094433279428e-04 0.002145119603291692 0.012287766932216716   
55 550 0.2989502229946168 22.868670779266814 8.732515496792609e-05 2.7944567909306359e-04 0.0028621468449877736 0.008102726849030583   
56 560 0.3073022063208715 23.568355770806797 8.732515496792609e-05 7.4484061633736220e-04 0.0036913488071057647 0.027393088801975825   
57 570 0.3376980963571276 26.03380585445759 8.732515496792609e-05 1.0215423760058610e-04 0.003979349878073334 0.01663858042294414   
58 580 0.38103978863790605 27.404749206922002 8.732515496792609e-05 8.2331306047796703e-04 0.006002002462303644 0.02052599306805304   
59 590 0.411323994441081 28.71762390612549 5.8427112812125826e-05 5.8427112812125826e-05 0.0039703115453395485 0.011468936377402175   
60 600 0.4550296969057865 31.04602922477297 5.8427112812125826e-05 5.7559126421447113e-04 0.003961754130292876 0.035910826810042124   
61 610 0.45481687543403077 33.580437173127024 5.8427112812125826e-05 3.9950403338658014e-04 0.0029852832205596674 0.011156976316284078   
62 620 0.398147396106492 36.87426503823333 4.336512451849971e-05 4.3365124518499707e-05 0.0045885877896102946 0.01566060282260782   
63 630 0.3623371614522401 38.27249809233935 4.336512451849971e-05 5.1699221694182097e-05 0.004749756237526004 0.012675181279303374   
64 640 0.32568198304655155 38.78355069897263 4.336512451849971e-05 5.8796710443863472e-04 0.0038451162911942232 0.023164192782321746   
65 650 0.2964044922218145 40.601847218432326 4.336512451849971e-05 1.2331279786927229e-04 0.0019653877894875204 0.006933224046406987   
66 660 0.29555841804280536 41.72318044166208 4.336512451849971e-05 1.7254076029434839e-04 0.0010673829377333016 0.005524055380376907   
67 670 0.2988407314754625 46.33708249050286 4.336512451849971e-05 2.9875339623856503e-04 0.0011427647187655064 0.006318709676672254   
68 680 0.3187501682097311 48.42834868148853 4.336512451849971e-05 1.0955837750145213e-04 0.0014414107195798948 0.005566865660788644   
69 690 0.3514100021848575 51.50412308069256 4.336512451849971e-05 1.0825993865303371e-04 0.0011256237999703567 0.00639034798685149   
70 700 0.3153366626762258 55.560668498594154 4.330689781304185e-05 4.3306897813041849e-05 0.0018588900793703909 0.00422668866466575   
71 710 0.3042390222025197 57.652516412501804 4.128976721185242e-05 4.1289767211852422e-05 0.0016074326786170256 0.006426617960766616   
72 720 0.27571970536228324 63.649488546690804 4.128976721185242e-05 4.8657154131202903e-05 0.00043412645665609733 0.002469933011917811   
73 730 0.2652495887766488 62.47278652987176 4.128976721185242e-05 2.0589479545364968e-04 0.000657094148762728 0.002281707846317547   
74 740 0.25062999287715604 65.53890214099881 4.128976721185242e-05 6.2858857477630784e-05 0.0007528599116909845 0.001607503368080224   
75 750 0.2631248647573406 65.9720951890308 4.128976721185242e-05 8.5025926066574384e-05 0.0008086055896957796 0.002011190579564767   
76 760 0.28415665260141354 70.17001555924345 4.128976721185242e-05 7.0265693304610681e-05 0.0006854608453041185 0.0031920773893566283   
77 770 0.2695892337226251 69.87101337039343 4.128976721185242e-05 5.3588682003330515e-05 0.0011866887914886127 0.005507917495150503   
78 780 0.24415513038216458 77.8305380351541 4.128976721185242e-05 5.7345839207041377e-05 0.0006977515652104102 0.002081575145011527   
79 790 0.2318633938481499 85.70361070016192 4.128976721185242e-05 5.7866587306818011e-05 0.0006153026180248823 0.001412470379361435   
80 800 0.21206430301709014 91.65803442500304 4.128976721185242e-05 4.9222872768957817e-05 0.00020735591209697973 0.0007133746736897726   
81 810 0.18753572982907 99.59553636027337 4.128976721185242e-05 5.2335527838056161e-05 0.0001710462177102369 0.0008513143335233681   
82 820 0.18344443191658963 100.72344179535528 4.128976721185242e-05 7.5362857465224815e-05 0.00022978558992267165 0.0006288433331524452   
83 830 0.1766679284349488 105.12259680820027 4.128976721185242e-05 7.7969996026088157e-05 0.0002310066813328407 0.0006877815980263184   
84 840 0.16784920492168953 115.180473172739 3.483265980318822e-05 3.4832659803188222e-05 0.00013035460818975315 0.0004464180280801355   
85 850 0.18073892799374008 119.21013403264492 3.483265980318822e-05 3.8750629253846139e-05 8.82377398014487e-05 0.0003973519067535542   
86 860 0.19878468642726058 124.15170965771284 2.5499972096118873e-05 2.5499972096118873e-05 0.00012298479352837991 0.00025801083450384903   
87 870 0.19684350194663133 139.74310960847973 2.5499972096118873e-05 2.8145651662548419e-05 0.00015214670969153636 0.000342601874423648   
88 880 0.1920688097340001 146.15100562864157 2.5499972096118873e-05 4.5233024472406359e-05 0.00013932535308764575 0.00031626799193166914   
89 890 0.19543212662837692 149.1955844544662 2.5499972096118873e-05 8.1569278449119818e-05 0.00021789221651268806 0.0011419274247505677   
90 900 0.20948799766859327 150.86177629513884 2.5499972096118873e-05 3.4341279930784243e-05 0.00010148718702735961 0.0004220865730132009   
91 910 0.2081004836598125 164.8957350386529 2.5499972096118873e-05 3.0168040032094467e-05 0.00019213749904638944 0.00021752620742853318   
92 920 0.2109611361065783 162.40725620097302 2.5499972096118873e-05 8.5418558108534649e-05 0.0002028759166552482 0.00038019192840425413   
93 930 0.23206178395668756 171.33097872532895 2.5499972096118873e-05 4.2273088978842266e-05 0.00016820543293074534 0.0005199090003627849   
94 940 0.2631158145068007 179.25414325841268 2.5499972096118873e-05 5.1828795992330879e-05 0.00010209909303851457 0.00025860131417374687   
95 950 0.314554827278209 181.78852467867725 2.5499972096118873e-05 2.9911149057362108e-05 0.00031588428373319135 0.000508363111701538   
96 960 0.33017543538284505 187.1886106878953 2.5499972096118873e-05 1.3042327016622751e-04 0.0003952941257727131 0.0006229993929925356   
97 970 0.321150745330165 192.32655762452092 2.5499972096118873e-05 3.4763496949217676e-05 0.0003492016430054617 0.0013926430522131611   
98 980 0.315453580485497 200.60417115283155 2.5499972096118873e-05 3.1007626646201126e-05 0.00024452751428716876 0.0011195825133906057   
99 990 0.3080741890842955 202.4084385606491 2.5499972096118873e-05 3.2493283622897251e-05 0.00013550213423894742 0.0004105846755327967   
100 1000 0.31145066663305265 207.31880200059942 2.5499972096118873e-05 3.6355170343383591e-05 0.00018888229973501052 0.0006352347315190307   
101 1010 0.3700104348837607 216.0517972522243 2.3680726712465497e-05 2.3680726712465497e-05 0.00010877125370447291 0.0004789448363761689   
102 1020 0.3935086230667836 221.2140537326459 2.3680726712465497e-05 2.8659398290738245e-05 8.955967155546204e-05 0.001316564264374334   
103 1030 0.4103637430172677 229.30660478224863 2.3680726712465497e-05 2.6123945123933618e-05 0.0004530384909746966 0.0011716965594105874   
104 1040 0.42418508361801843 239.08078407150026 2.3680726712465497e-05 6.6092415152619425e-05 0.0005524314256939867 0.001143222280484722   
105 1050 0.4192187751171063 246.0601129407618 2.3680726712465497e-05 4.0297134861117340e-05 0.00016934593229708353 0.0010733970947002008   
106 1060 0.3825036648901546 255.44876709812954 2.3680726712465497e-05 3.4374944883646660e-05 0.00016705579642498382 0.00045648545761793537   
107 1070 0.36744000467232957 263.28493214261476 2.3680726712465497e-05 5.3177289093654718e-05 0.00015161385231785617 0.0002986777195921112   
108 1080 0.34603446324631115 282.6336771207114 2.3680726712465497e-05 2.9446991922012087e-05 9.562084856582408e-05 0.0007658627710003865   
109 1090 0.33299785290783485 292.84381366828416 2.3680726712465497e-05 5.1013696675529495e-05 0.00010941879312205954 0.0002844269881140863   
110 1100 0.33027930227976593 298.76087989370774 2.3680726712465497e-05 4.1226258393670773e-05 8.941070860598556e-05 0.000186622645951026   
111 1110 0.33188368472583124 299.57837860301083 2.3680726712465497e-05 4.1993638554211036e-05 8.624299407925421e-05 0.00019462360709047852   
112 1120 0.33164601644947983 294.5211828431208 2.3680726712465497e-05 3.8005596368877858e-05 6.414083537236473e-05 0.00045709126837094186   
113 1130 0.29390735211233165 298.20261712264096 2.3680726712465497e-05 3.5297741638671656e-05 0.0001218850851889436 0.00020005354457304747   
114 1140 0.2552893674629024 307.88749957948977 2.3680726712465497e-05 3.0975990849261412e-05 0.00010762850686022375 0.00015729528391693717   
115 1150 0.23425432091210202 317.42491691146256 2.3680726712465497e-05 2.9174001492814741e-05 6.080786425671484e-05 0.000218062609474153   
116 1160 0.21309719913027123 321.6607156099094 2.3680726712465497e-05 3.7581952554883094e-05 5.586596202501117e-05 0.0001048095194415898   
117 1170 0.19779183403927728 328.9411417270812 2.3680726712465497e-05 2.5580350245109837e-05 4.2489506723769985e-05 0.00014960521356228908   
118 1180 0.18408304262319702 342.77458028322354 2.3680726712465497e-05 2.9489579061254701e-05 4.197613150888624e-05 9.544400188146355e-05   
119 1190 0.17487309583584923 349.2966857761044 2.3680726712465497e-05 2.7156125483044961e-05 3.1174341888186276e-05 7.179662529371805e-05   
120 1200 0.15947151869507656 355.0906636137718 2.3680726712465497e-05 2.6518813141464863e-05 4.9590942693333515e-05 7.101573352720863e-05   
121 1210 0.1519905065430503 366.3606095827726 2.3680726712465497e-05 2.5884263987356553e-05 3.214803433445767e-05 6.563685540368685e-05   
122 1220 0.1368499534422548 387.3755901014613 2.3680726712465497e-05 2.5633296326527355e-05 3.310862097383e-05 7.758407820477798e-05   
123 1230 0.12044605025452035 415.0232221704504 2.3680726712465497e-05 2.5374971791942931e-05 3.1022445716159716e-05 3.448937251747856e-05   
124 1240 0.10596365491897511 420.259302653198 2.3680726712465497e-05 2.6027303705085393e-05 2.7136882141643884e-05 3.012954112952821e-05   
125 1250 0.09838710374178161 438.43160519319974 2.3680726712465497e-05 2.4980891794057767e-05 2.9037290513476773e-05 4.188041749062758e-05   
126 1260 0.09696867488588627 458.8991301331551 2.3680726712465497e-05 2.5534960012521718e-05 2.893893575566162e-05 3.7097524447288366e-05   
127 1270 0.08577837411982965 486.60754227871274 2.3680726712465497e-05 2.4968449972692393e-05 2.7191821151051907e-05 3.519037646802112e-05   
128 1280 0.07887940118123261 497.3796447422059 2.3680726712465497e-05 2.4966655654948782e-05 2.5999914336511997e-05 2.960183675525915e-05   
129 1290 0.07093841434192934 530.4936578602067 2.3680726712465497e-05 2.5002483569351410e-05 2.58777314385969e-05 2.9105884995144876e-05   
130 1300 0.06661833486749309 546.0334004830893 2.3680726712465497e-05 2.4931731721533075e-05 2.708360406015634e-05 3.0495077976834786e-05   
131 1310 0.06802231632909721 549.5104976323504 2.3680726712465497e-05 2.4408216078587925e-05 2.5710291968458487e-05 3.0056161174618778e-05   
132 1320 0.07459747533164979 557.2932455228297 2.3680726712465497e-05 2.4149984838874753e-05 2.568635900168063e-05 2.7092018216478985e-05   
133 1330 0.08151535744356966 627.2489081452935 2.3680726712465497e-05 2.4169198900473330e-05 2.4657389835846456e-05 2.7841235247718447e-05   
134 1340 0.08775659330443601 653.9668449638615 2.3680726712465497e-05 2.3846980112348823e-05 2.5234477500403146e-05 2.92514140877964e-05   
135 1350 0.08323409699253556 696.9601529793665 2.3680726712465497e-05 2.4458749668677716e-05 2.5478955208949494e-05 3.0366702787466006e-05   
136 1360 0.08066998506503736 736.5686490662463 2.3680726712465497e-05 2.4470690073803768e-05 2.5339509374475924e-05 2.6136578280880814e-05   
137 1370 0.08298221195494213 745.8953611534848 2.3680726712465497e-05 2.4032902559946136e-05 2.5000962385750672e-05 2.8470586513957095e-05   
138 1380 0.08526183367296437 766.4973754655309 2.3680726712465497e-05 2.3913412113355800e-05 2.5256692312293787e-05 2.7365220998710976e-05   
139 1390 0.08268663501227577 764.9787298340842 2.3680726712465497e-05 2.3707875740511340e-05 2.463422137204301e-05 2.641570086342796e-05   
140 1400 0.08139424541664814 787.3984278554946 2.3680726712465497e-05 2.3692602364327122e-05 2.4402973964155025e-05 2.5803257191052343e-05   
141 1410 0.07520219550627188 821.9705228219883 2.3551635537279387e-05 2.3551635537279387e-05 2.5286461657548952e-05 2.756879874458714e-05   
142 1420 0.07545067864325972 869.5085604628334 2.3383953547686045e-05 2.3383953547686045e-05 2.4110488231491742e-05 2.4759256798690227e-05   
143 1430 0.07051339563521618 877.9938210611597 2.3383953547686045e-05 2.3444510743481234e-05 2.400525405714982e-05 2.49131282111832e-05   
144 1440 0.06670216078156116 914.8131838503938 2.3331806855868696e-05 2.3331806855868696e-05 2.3745163525307655e-05 2.513446555466362e-05   
145 1450 0.0743004812305409 925.0410031271879 2.2816651296554858e-05 2.2816651296554858e-05 2.366104971843688e-05 2.5687369693940157e-05   
146 1460 0.08518562366282728 904.998446324588 2.248803141041401e-05 2.2488031410414009e-05 2.3233876191725747e-05 2.4838096529546185e-05   
147 1470 0.09132633185890217 976.4221513176029 2.248803141041401e-05 2.2699644262727071e-05 2.3177106907543025e-05 2.8441659969862517e-05   
148 1480 0.0897495895004542 1070.8361747060394 2.248803141041401e-05 2.2681047185366493e-05 2.3651377342193486e-05 2.5193781140858026e-05   
149 1490 0.09395036043191793 1111.2939884336477 2.222722600710788e-05 2.2227226007107881e-05 2.3778577201362893e-05 2.4103450764025223e-05   
150 1500 0.09362619526396981 1177.5132512191922 2.2114297834788504e-05 2.2114297834788504e-05 2.275354874231369e-05 2.560736190097011e-05   
151 1510 0.09333851311893225 1249.8560595030235 2.201941579630711e-05 2.2019415796307111e-05 2.244310900743413e-05 2.3115906431136904e-05   
152 1520 0.0846892409511776 1283.3891176162688 2.201941579630711e-05 2.2235910863097993e-05 2.2631532513366262e-05 2.344632950329419e-05   
153 1530 0.08367863185411144 1254.4487500098462 2.201941579630711e-05 2.2914882479979897e-05 2.311670982911042e-05 2.3550445810324203e-05   
154 1540 0.09062044118645604 1254.7285636282118 2.201941579630711e-05 2.2298173687435269e-05 2.2818199085120196e-05 2.468604120881623e-05   
155 1550 0.09612256303720904 1262.3000348605583 2.201941579630711e-05 2.2130226885804977e-05 2.2919649489790758e-05 2.4596209214538963e-05   
156 1560 0.09436254619724176 1328.9077849748876 2.1855984052463718e-05 2.1855984052463718e-05 2.2443267461670712e-05 2.4363710970424166e-05   
157 1570 0.08992719724656233 1389.2124274545636 2.1855984052463718e-05 2.1936818505202484e-05 2.2125817587273208e-05 2.3146173833929024e-05   
158 1580 0.08722079698422039 1501.9993126159538 2.1855984052463718e-05 2.1954438184888897e-05 2.2706026010279057e-05 2.318310503225006e-05   
159 1590 0.08406776826074229 1508.0182550118054 2.1855984052463718e-05 2.1900746261728814e-05 2.2450893865715983e-05 2.3525971948563e-05   
160 1600 0.08629495580767205 1531.2370366642726 2.1811764994464858e-05 2.1811764994464858e-05 2.2505730735921838e-05 2.2951019166990644e-05   
161 1610 0.08104354024933595 1563.129359311436 2.1811764994464858e-05 2.1901890878125748e-05 2.21709645746205e-05 2.292312949265978e-05   
162 1620 0.07838838880673762 1679.241219071937 2.1800431662713892e-05 2.1800431662713892e-05 2.2102028419628836e-05 2.378188354618966e-05   
163 1630 0.0714139530831963 1724.182612672556 2.1800431662713892e-05 2.1815000665201682e-05 2.2319620886764024e-05 2.3459342919530855e-05   
164 1640 0.06850733770134798 1845.6168033160168 2.1800431662713892e-05 2.1814913090924419e-05 2.2014266302494768e-05 2.2927172612440064e-05   
165 1650 0.05989255476059231 1918.8956229177454 2.1785655369612002e-05 2.1785655369612002e-05 2.2043280186640642e-05 2.2267607874313835e-05   
166 1660 0.05326264929142902 1928.1437330931587 2.1780622562740755e-05 2.1780622562740755e-05 2.1874363294674384e-05 2.2072253901774732e-05   
167 1670 0.05025529763281575 1885.38458279917 2.1761819437560094e-05 2.1761819437560094e-05 2.1896365731878252e-05 2.2397809810637238e-05   
168 1680 0.04837162082431033 1953.9107006403183 2.1761819437560094e-05 2.1778236176186888e-05 2.1824014446832737e-05 2.1917653144516123e-05   
169 1690 0.045282559045947156 2034.785792362724 2.1761819437560094e-05 2.1770521816626377e-05 2.1849661388711587e-05 2.2009213462412662e-05   
170 1700 0.04394421769472992 2135.5901315402207 2.1761819437560094e-05 2.1766302795339910e-05 2.18264625810251e-05 2.1883232657190324e-05   
171 1710 0.040459971559483505 2251.516044324498 2.175985761418552e-05 2.1759857614185518e-05 2.1819964820076353e-05 2.1894377191460548e-05   
172 1720 0.03647624186802082 2358.429241919667 2.175985761418552e-05 2.1780823251088825e-05 2.1808509861460613e-05 2.2224998580552478e-05   
173 1730 0.0355503687261244 2353.8963937472436 2.175985761418552e-05 2.1770163585913651e-05 2.1824341659425686e-05 2.187622428372134e-05   
174 1740 0.036321941091912516 2430.9971229142393 2.175985761418552e-05 2.1779121191320654e-05 2.1810096458464723e-05 2.189237163817775e-05   
175 1750 0.03453194935990229 2440.4695467772094 2.1757502568498677e-05 2.1757502568498677e-05 2.180032603970341e-05 2.1863762120955778e-05   
176 1760 0.03287294510391863 2429.5893183853373 2.1757502568498677e-05 2.1765126967886989e-05 2.180353005387949e-05 2.1960049442617386e-05   
177 1770 0.029365946348701485 2420.975971493206 2.1757502568498677e-05 2.1762231008229421e-05 2.1798946584836837e-05 2.1841037299210666e-05   
178 1780 0.026008746666453017 2475.7845650139407 2.1757502568498677e-05 2.1771341802817626e-05 2.1785321414160517e-05 2.1840404811061483e-05   
179 1790 0.023571569949674468 2451.5750369908174 2.175720192640134e-05 2.1757201926401339e-05 2.176452141186365e-05 2.179762821574725e-05   
180 1800 0.02170734970114685 2487.6318655821174 2.1756192849974386e-05 2.1756192849974386e-05 2.1771015708850516e-05 2.1803229406787686e-05   
181 1810 0.019736941545597526 2552.29720446125 2.1756192849974386e-05 2.1757808413752697e-05 2.1766987629812247e-05 2.179261735894812e-05   
182 1820 0.01784215713886568 2571.2790891983263 2.1756192849974386e-05 2.1756908452862713e-05 2.1767242046292934e-05 2.178838677475197e-05   
183 1830 0.01670818567230907 2604.1518651969886 2.1754878326948867e-05 2.1754878326948867e-05 2.1764747683944777e-05 2.17697305531259e-05   
184 1840 0.015587371375049138 2737.6302233655915 2.175481290361199e-05 2.1754812903611990e-05 2.17610039091528e-05 2.1768990606792554e-05   
185 1850 0.015460020735041081 2972.4688895938 2.175481290361199e-05 2.1756064116825279e-05 2.1760154385038023e-05 2.177708664475594e-05   
186 1860 0.01653360242257857 3014.447292274209 2.175481290361199e-05 2.1755093521555416e-05 2.175791742534613e-05 2.176304800408905e-05   
187 1870 0.016089972721641824 3129.8560548880932 2.175481290361199e-05 2.1755535626194708e-05 2.1760812689177942e-05 2.1764079464746754e-05   
188 1880 0.016917570386305494 3408.596416575723 2.175481290361199e-05 2.1756191919674922e-05 2.1758110308066525e-05 2.176920574877529e-05   
189 1890 0.017596092852219105 3655.1057777137917 2.175481290361199e-05 2.1755922910801887e-05 2.1758772027820898e-05 2.1766092973711756e-05   
190 1900 0.018368736746485117 3888.5187608478136 2.175391651176247e-05 2.1753916511762469e-05 2.176088975043244e-05 2.1770220861368917e-05   
191 1910 0.02034501747494038 3884.1875513815926 2.175391651176247e-05 2.1755181297670823e-05 2.1760018470227296e-05 2.1769064660908444e-05   
192 1920 0.020500251764513512 4106.752155612872 2.175391651176247e-05 2.1756299445171028e-05 2.1760522419283084e-05 2.1772569715125374e-05   
193 1930 0.020174404150345333 4117.58639773786 2.175391651176247e-05 2.1755342144910241e-05 2.175915447899689e-05 2.177035143934017e-05   
194 1940 0.020001767465745286 4218.300071370574 2.175391651176247e-05 2.1756282789691041e-05 2.1764587864594975e-05 2.1777834850070333e-05   
195 1950 0.01886698336730289 4276.215153022472 2.175391651176247e-05 2.1754462675355858e-05 2.1759394360599927e-05 2.176125929771939e-05   
196 1960 0.01722094857295507 4601.802365356011 2.175391651176247e-05 2.1753944299192924e-05 2.1758257444750167e-05 2.1762786029063895e-05   
197 1970 0.015815005820112457 4612.599041185899 2.175391651176247e-05 2.1754083683374075e-05 2.1758516884904382e-05 2.1762603391331385e-05   
198 1980 0.015488930725883199 4682.686401997103 2.175341576458179e-05 2.1753415764581790e-05 2.1755820385803274e-05 2.1758216711304145e-05   
199 1990 0.015048885681811973 4681.230980601842 2.175341576458179e-05 2.1754204710728192e-05 2.1755230431113404e-05 2.175845506786984e-05   
200 2000 0.015091918729635787 4842.0794978664535 2.1752924853755237e-05 2.1752924853755237e-05 2.1753607063957676e-05 2.175749564493731e-05   
201 2010 0.015152924312721095 5017.310404764368 2.1752924853755237e-05 2.1753398578525667e-05 2.1754500157687665e-05 2.1757570471692443e-05   
202 2020 0.015315481634862146 5236.211301424169 2.1752602643399133e-05 2.1752602643399133e-05 2.175426406575363e-05 2.1755236962830774e-05   
203 2030 0.014805455761782257 5431.341455803491 2.1752602643399133e-05 2.1753061601499434e-05 2.175416855688566e-05 2.175566967893282e-05   
204 2040 0.01711966365300013 5655.99133253385 2.1751790020062385e-05 2.1751790020062385e-05 2.1754246363082806e-05 2.1757237840399256e-05   
205 2050 0.017358709066356198 6341.220936061697 2.175133325722789e-05 2.1751333257227890e-05 2.1754327631359358e-05 2.1756946673888768e-05   
206 2060 0.017747560501632054 6886.545296882949 2.175133297903061e-05 2.1751332979030612e-05 2.1752526017035195e-05 2.1756333666529353e-05   
207 2070 0.0201331895217954 7192.947608902483 2.175123837315358e-05 2.1751238373153578e-05 2.1752218734649027e-05 2.1755541146690952e-05   
208 2080 0.02249473132898453 7796.788409322198 2.1751176315592635e-05 2.1751176315592635e-05 2.1752794184739624e-05 2.176481458114368e-05   
209 2090 0.021253729312428436 8480.54674555358 2.1750942654847935e-05 2.1750942654847935e-05 2.1752302601119395e-05 2.1760197042084358e-05   
210 2100 0.022013281311153755 8826.39373121317 2.1749808344779938e-05 2.1749808344779938e-05 2.175207572556219e-05 2.1758019585269378e-05   
211 2110 0.023128150368826223 9409.398039570244 2.1749546910287936e-05 2.1749546910287936e-05 2.1750941831593306e-05 2.1753542625106967e-05   
212 2120 0.023720488753522926 10050.755176641596 2.174875949007163e-05 2.1748759490071629e-05 2.175102113694574e-05 2.1757956848127667e-05   
213 2130 0.022891429908596005 10679.245386279565 2.1748195288323486e-05 2.1748195288323486e-05 2.1751178158432714e-05 2.1755607739217215e-05   
214 2140 0.025170116550323758 10971.218444582026 2.1747783456848574e-05 2.1747783456848574e-05 2.1750169852762226e-05 2.1757785795091995e-05   
215 2150 0.027283237389720657 11611.236818650148 2.1746737492033163e-05 2.1746737492033163e-05 2.1751244073075277e-05 2.1754906876105795e-05   
216 2160 0.028371663609058316 12347.476823280975 2.174602039148334e-05 2.1746020391483341e-05 2.1748250939760893e-05 2.1748831605597524e-05   
217 2170 0.0269590155645629 13093.933049808016 2.174602039148334e-05 2.1747243701994820e-05 2.1749403394307685e-05 2.1752631297323368e-05   
218 2180 0.026712284158944676 13897.839429400696 2.174602039148334e-05 2.1746318031144007e-05 2.174892420073212e-05 2.1752376845446048e-05   
219 2190 0.025413222606396578 13738.211449604201 2.1745982107884376e-05 2.1745982107884376e-05 2.174888497850484e-05 2.175216745542327e-05   
220 2200 0.026486083774027527 14114.293579211306 2.1745161373990223e-05 2.1745161373990223e-05 2.1748095903124735e-05 2.175060538002317e-05   
221 2210 0.029723268188111922 14697.504071283587 2.174340660742733e-05 2.1743406607427329e-05 2.1747003049876897e-05 2.175033334595137e-05   
222 2220 0.029016005147659167 16382.071605779904 2.174340660742733e-05 2.1743847610395308e-05 2.174594347607924e-05 2.1748284496344617e-05   
223 2230 0.027028280210437457 16833.67770710294 2.174340660742733e-05 2.1744157030334052e-05 2.174533106739885e-05 2.1756383538853065e-05   
224 2240 0.027885167477756247 17021.494795284518 2.174193062093939e-05 2.1741930620939391e-05 2.1745125415925142e-05 2.174652668625967e-05   
225 2250 0.0316875839191952 17336.735796259116 2.1740022881754575e-05 2.1740022881754575e-05 2.174356740221494e-05 2.1745112902602865e-05   
226 2260 0.037399336146467434 18211.85802432298 2.173875865928587e-05 2.1738758659285870e-05 2.1742791735351484e-05 2.1745619540225267e-05   
227 2270 0.0434037329181758 18456.882692351395 2.17362336425424e-05 2.1736233642542399e-05 2.174255308530899e-05 2.1751274881894315e-05   
228 2280 0.045115238667538284 19212.030013443335 2.17362336425424e-05 2.1737716286747291e-05 2.17460004423916e-05 2.1751242857991386e-05   
229 2290 0.04751507316102462 21714.131901731893 2.17362336425424e-05 2.1738005383394560e-05 2.174093286058755e-05 2.1747345047783867e-05   
230 2300 0.05288758806176075 22351.95201751702 2.1732952028113547e-05 2.1732952028113547e-05 2.1741447586328376e-05 2.1746644568233828e-05   
231 2310 0.05817720994220471 24880.768218790345 2.1732764659086434e-05 2.1732764659086434e-05 2.1744018075271657e-05 2.175631494312066e-05   
232 2320 0.06667606514776458 26170.178634014348 2.1727677385416253e-05 2.1727677385416253e-05 2.173575459472763e-05 2.174959826985598e-05   
233 2330 0.07534685139423225 28495.952185461254 2.1724739485729098e-05 2.1724739485729098e-05 2.173719799725423e-05 2.1760322076879146e-05   
234 2340 0.0902432221227865 32410.865788351373 2.1719944727199715e-05 2.1719944727199715e-05 2.1734915325484003e-05 2.174626219170719e-05   
235 2350 0.10526936130760264 32937.5799974732 2.1719944727199715e-05 2.1722120797200943e-05 2.1736644064573782e-05 2.1739017042087196e-05   
236 2360 0.11865447463936099 35157.40514726019 2.1719944727199715e-05 2.1722047432119548e-05 2.173553711005659e-05 2.180036523111572e-05   
237 2370 0.1234463171481072 37959.9267195712 2.1719944727199715e-05 2.1720206516284842e-05 2.173559357243484e-05 2.1753521179055242e-05   
238 2380 0.11416381558272712 36071.68942670603 2.1719944727199715e-05 2.1725637066534155e-05 2.174547574960608e-05 2.1767731535400066e-05   
239 2390 0.10932888872244623 35188.37398740776 2.1719944727199715e-05 2.1722712244544277e-05 2.174176092839737e-05 2.1755962735019812e-05   
240 2400 0.09970446888511987 34857.25867025941 2.1719944727199715e-05 2.1720727392280640e-05 2.1737718457461024e-05 2.1773301962004527e-05   
241 2410 0.0995402042223137 34992.449510744045 2.1719944727199715e-05 2.1721248788797927e-05 2.17355210466604e-05 2.1747376474311815e-05   
242 2420 0.10180024651810064 35553.427247150954 2.171810922834197e-05 2.1718109228341969e-05 2.1731489563397287e-05 2.1771741004345668e-05   
243 2430 0.1119893884062005 35519.055432816574 2.171639402413494e-05 2.1716394024134941e-05 2.1727147268287023e-05 2.175247822412695e-05   
244 2440 0.1117657104944186 39676.19500014311 2.171551122604454e-05 2.1715511226044541e-05 2.172597094006612e-05 2.1742933289840626e-05   
245 2450 0.11006144847472207 41204.00029998967 2.1715061798436897e-05 2.1715061798436897e-05 2.172504169751173e-05 2.1744597206228416e-05   
246 2460 0.11252143305077364 42481.71108027981 2.1714832804118384e-05 2.1714832804118384e-05 2.1723745699089962e-05 2.1735011565073963e-05   
247 2470 0.11867838958923035 43558.72331122498 2.1714832804118384e-05 2.1720860069761930e-05 2.1728756192226285e-05 2.1736269087825525e-05   
248 2480 0.12331355722393912 46111.81632137922 2.1714832804118384e-05 2.1716850036944262e-05 2.172193392020471e-05 2.1746520249883207e-05   
249 2490 0.12410291573940847 48427.27222127131 2.1714832804118384e-05 2.1715221093823474e-05 2.1727589279657287e-05 2.1740492553534528e-05   
250 2500 0.11985406659956813 49940.38850016038 2.1714832804118384e-05 2.1719174053895909e-05 2.172150367265113e-05 2.1745741680062373e-05   
251 2510 0.12508256381039043 48782.28775601089 2.1714832804118384e-05 2.1715087514662808e-05 2.173006963621848e-05 2.175441368553999e-05   
252 2520 0.11853430948629776 50044.538498437134 2.1714832804118384e-05 2.1719770242565933e-05 2.172627750136301e-05 2.1744120917903613e-05   
253 2530 0.1233127562435933 51875.312912278605 2.1714832804118384e-05 2.1715838851514558e-05 2.172414426477201e-05 2.173771671716666e-05   
254 2540 0.12476502536633907 51442.73372714551 2.1714832804118384e-05 2.1716621837888307e-05 2.1720321495675878e-05 2.173560912648207e-05   
255 2550 0.10836805855496445 54720.998833706806 2.1714832804118384e-05 2.1715282328372674e-05 2.1722721014879013e-05 2.1730705445217274e-05   
256 2560 0.10091904737324742 54587.830240646974 2.1714832804118384e-05 2.1718480297648700e-05 2.172308763308686e-05 2.1738824815989286e-05   
257 2570 0.09336621162472249 54599.69829378875 2.1714832804118384e-05 2.1716458034388677e-05 2.1720988884775913e-05 2.173669667148387e-05   
258 2580 0.08232378688948452 55224.64395744515 2.1714832804118384e-05 2.1716695447492034e-05 2.1718534239730014e-05 2.172964333896902e-05   
259 2590 0.07695766078437402 58631.98426520603 2.1714832804118384e-05 2.1715092815370371e-05 2.1720342443771723e-05 2.1726085863866905e-05   
260 2600 0.06957833092140675 58979.94561176898 2.1714832804118384e-05 2.1715474939174931e-05 2.171661371787701e-05 2.1718031246848927e-05   
261 2610 0.06895082539735668 60769.30645847391 2.1714832804118384e-05 2.1715713419589851e-05 2.1717444334695132e-05 2.1721177656936543e-05   
262 2620 0.06466918194375602 60313.236387373625 2.1714832804118384e-05 2.1714878645306624e-05 2.1716431302758533e-05 2.1718524212393967e-05   
263 2630 0.0598492930442583 65508.42177266356 2.1714815656880798e-05 2.1714815656880798e-05 2.1716284587888167e-05 2.1720376134894704e-05   
264 2640 0.05662747015043233 70889.18966799282 2.1714815656880798e-05 2.1715235628145808e-05 2.171635135385687e-05 2.1718533666173465e-05   
265 2650 0.0532799046967004 75049.74100455863 2.1714815656880798e-05 2.1715330819873243e-05 2.1716235749519566e-05 2.1720254195457833e-05   
266 2660 0.05083190100145314 77072.25587461029 2.1714815656880798e-05 2.1714999881362019e-05 2.171643895615083e-05 2.1719785955369353e-05   
267 2670 0.04780000356184005 80865.28180582188 2.1714815656880798e-05 2.1714912348618318e-05 2.1715935289213625e-05 2.1718189845942587e-05   
268 2680 0.04289032489511749 76445.57353363527 2.171470094886694e-05 2.1714700948866939e-05 2.1715497390639382e-05 2.1715938426042296e-05   
269 2690 0.04183579598532093 78524.85043625745 2.171462325506399e-05 2.1714623255063989e-05 2.171518057659811e-05 2.1715272350933135e-05   
270 2700 0.03919500810092475 78274.59341968967 2.171462325506399e-05 2.1714697627906482e-05 2.17151072131062e-05 2.171597613629472e-05   
271 2710 0.0352491996289941 78860.38651577088 2.171461368812368e-05 2.1714613688123680e-05 2.1714967938548702e-05 2.1716402586443617e-05   
272 2720 0.033538420973189695 84700.173829313 2.1714606671032633e-05 2.1714606671032633e-05 2.171467800416023e-05 2.1715285195094877e-05   
273 2730 0.032652932815707296 83003.9947384938 2.1714606671032633e-05 2.1714631764420867e-05 2.171490399267679e-05 2.1715001378377675e-05   
274 2740 0.031584943665824976 85441.62549345031 2.1714606671032633e-05 2.1714648881178385e-05 2.171485548972595e-05 2.1715180801420444e-05   
275 2750 0.030492975036369066 85218.65214647971 2.1714606671032633e-05 2.1714615049043077e-05 2.1714833738845465e-05 2.171527385548654e-05   
276 2760 0.028389631428280708 83701.7218479365 2.171460268882351e-05 2.1714602688823509e-05 2.171472680590841e-05 2.171482994514401e-05   
277 2770 0.02667161773701393 82475.70022550787 2.171459841034476e-05 2.1714598410344761e-05 2.1714785963672203e-05 2.1714863370012353e-05   
278 2780 0.02447264460502943 84061.11931427177 2.171459841034476e-05 2.1714604864915420e-05 2.171468409630141e-05 2.1714978714842256e-05   
279 2790 0.021712093135685163 85613.55901591692 2.171459841034476e-05 2.1714617174648965e-05 2.171470403219785e-05 2.1714876472989244e-05   
280 2800 0.021224944811653573 87595.9717412587 2.171459841034476e-05 2.1714611885848036e-05 2.1714677063810974e-05 2.171471516499198e-05   
281 2810 0.020421175287424334 88373.54794930745 2.1714586355748846e-05 2.1714586355748846e-05 2.171467615278736e-05 2.1714705079936452e-05   
282 2820 0.018470003305602934 91809.56607494566 2.1714586355748846e-05 2.1714593880609951e-05 2.171464888430979e-05 2.171496146595467e-05   
283 2830 0.017939066267956983 97194.80253363113 2.1714586355748846e-05 2.1714590669755104e-05 2.1714615827098272e-05 2.1714662061092526e-05   
284 2840 0.01663779509648494 97266.31518635932 2.1714586348300428e-05 2.1714586348300428e-05 2.1714610058578198e-05 2.1714667066789368e-05   
285 2850 0.01440213429807688 96806.717580339 2.1714583858790233e-05 2.1714583858790233e-05 2.1714614010492406e-05 2.1714655216251117e-05   
286 2860 0.01269466796072547 102587.67497042188 2.1714577276223567e-05 2.1714577276223567e-05 2.171459880624889e-05 2.1714637651083e-05   
287 2870 0.011276928683223846 101796.58921155834 2.1714577276223567e-05 2.1714589915574769e-05 2.1714603330999553e-05 2.1714615642922647e-05   
288 2880 0.010167960974708805 105193.00828302518 2.1714577276223567e-05 2.1714580965107862e-05 2.1714589591602922e-05 2.1714597058501627e-05   
289 2890 0.009750074868935617 103941.9668238797 2.1714577276223567e-05 2.1714581180600108e-05 2.1714598474930145e-05 2.1714647605661204e-05   
290 2900 0.009817239937857958 105550.15922261533 2.1714576840908535e-05 2.1714576840908535e-05 2.1714598662221656e-05 2.171462338311619e-05   
291 2910 0.009788810299021856 103686.01498258072 2.1714576840908535e-05 2.1714580124318432e-05 2.1714586451077132e-05 2.1714602893801495e-05   
292 2920 0.009851670349323386 101849.38083819165 2.1714576840908535e-05 2.1714581158864778e-05 2.1714588986389648e-05 2.1714600755867523e-05   
293 2930 0.011084307498931797 102051.21074968585 2.1714576840908535e-05 2.1714578899317642e-05 2.1714583077300475e-05 2.171459820202627e-05   
294 2940 0.010868020504309371 103666.52599819448 2.1714576840908535e-05 2.1714580177128107e-05 2.1714586455652177e-05 2.1714590593710336e-05   
295 2950 0.010512306396011513 107008.08548000689 2.1714576840908535e-05 2.1714577588964035e-05 2.1714586100184776e-05 2.171460730434542e-05   
296 2960 0.009739004942574342 107818.21296426172 2.1714576840908535e-05 2.1714581080218460e-05 2.1714584341149828e-05 2.1714599342371447e-05   
297 2970 0.008752255383539628 107740.35506338987 2.1714576840908535e-05 2.1714578380836740e-05 2.1714584922613775e-05 2.171459159756728e-05   
298 2980 0.008719604039076378 109898.07399920045 2.1714576840908535e-05 2.1714577869623869e-05 2.1714583924212107e-05 2.171459282494689e-05   
299 2990 0.00796924988950529 115344.10051953765 2.1714576840908535e-05 2.1714578077571400e-05 2.1714583449148636e-05 2.171459238450994e-05   
300 3000 0.00790481027273822 116906.27428155634 2.1714576722047044e-05 2.1714576722047044e-05 2.171458109856515e-05 2.1714583951032825e-05   
301 3010 0.007296351896934105 117949.60209006818 2.1714576722047044e-05 2.1714577838668854e-05 2.1714580307483083e-05 2.171458774475803e-05   
302 3020 0.006441347393176491 118992.09501215148 2.1714576722047044e-05 2.1714576966221533e-05 2.1714578383029627e-05 2.1714583107285783e-05   
303 3030 0.005659249502235828 118199.63054282496 2.1714576591070617e-05 2.1714576591070617e-05 2.171457760827488e-05 2.1714583279599644e-05   
304 3040 0.005418973895872057 119954.38945622163 2.1714576591070617e-05 2.1714577435937074e-05 2.1714579200691697e-05 2.171458218282563e-05   
305 3050 0.005076537236178593 117169.91782148271 2.1714576591070617e-05 2.1714577775398650e-05 2.171457924020389e-05 2.171458093665015e-05   
306 3060 0.0047535847730571885 122700.07837310033 2.1714576591070617e-05 2.1714577073708920e-05 2.1714577770719125e-05 2.171457941727977e-05   
307 3070 0.004778650950597204 124221.74341021533 2.1714576591070617e-05 2.1714576651613340e-05 2.1714577764114846e-05 2.171457906409446e-05   
308 3080 0.004476404988970546 122998.52036836208 2.1714576591070617e-05 2.1714576706877998e-05 2.1714577627025667e-05 2.171457975872708e-05   
309 3090 0.0043650218080458335 127292.9221249042 2.1714576591070617e-05 2.1714576779451110e-05 2.171457794278305e-05 2.171457924366768e-05   
310 3100 0.00401371631346605 121274.7627018017 2.1714576500134905e-05 2.1714576500134905e-05 2.1714577198329005e-05 2.1714579404944283e-05   
311 3110 0.0038308263413399223 118958.73579020496 2.171457646048551e-05 2.1714576460485509e-05 2.171457700797622e-05 2.1714578343169087e-05   
312 3120 0.003572576108135014 121603.86169002709 2.1714576444563523e-05 2.1714576444563523e-05 2.1714576873872492e-05 2.171457744581243e-05   
313 3130 0.0032468706738313013 123367.64374613282 2.1714576444563523e-05 2.1714576649204050e-05 2.1714576966423893e-05 2.1714577634498883e-05   
314 3140 0.003099175957865781 130658.17932749889 2.1714576444563523e-05 2.1714576604030797e-05 2.1714576971573948e-05 2.171457754555024e-05   
315 3150 0.002794918300452456 129706.2565444709 2.1714576444563523e-05 2.1714576462191224e-05 2.171457680948486e-05 2.171457725203321e-05   
316 3160 0.0026538671438505333 123820.63084957282 2.1714576444563523e-05 2.1714576471241066e-05 2.1714576578627977e-05 2.17145768226704e-05   
317 3170 0.002426102044476636 128546.281565626 2.1714576422463962e-05 2.1714576422463962e-05 2.171457661757183e-05 2.1714577210431462e-05   
318 3180 0.0025655919327739057 137746.64896232288 2.1714576352973603e-05 2.1714576352973603e-05 2.1714576640575722e-05 2.1714577009106716e-05   
319 3190 0.002589097476359582 136403.68615617798 2.1714576352973603e-05 2.1714576473577505e-05 2.171457653858607e-05 2.171457689800213e-05   
320 3200 0.0026429812993595063 136566.39567169175 2.1714576352973603e-05 2.1714576386155803e-05 2.171457668979452e-05 2.171457705218987e-05   
321 3210 0.0025110899639835954 144272.4907611711 2.1714576352973603e-05 2.1714576372516022e-05 2.1714576554863807e-05 2.171457686222763e-05   
322 3220 0.0023938187572550276 146507.06215296526 2.1714576352973603e-05 2.1714576368869474e-05 2.171457658407745e-05 2.1714576762532047e-05   
323 3230 0.002346454020541601 151412.59918817732 2.1714576352973603e-05 2.1714576391285879e-05 2.171457654135545e-05 2.171457688086854e-05   
324 3240 0.0022213654657210822 160624.89928635696 2.1714576352973603e-05 2.1714576357868471e-05 2.1714576473068855e-05 2.171457666977092e-05   
