% # columns="iteration, evaluation, sigma, void, void,  stds==sigma*sqrt(diag(C))", seed=617773, Tue Jul  6 15:34:05 2021, <python>{}</python>
1 10 0.9201427643059181 0 0 0.9116462788140035 0.904138310612692 0.9011768073953272 0.9281616484210445 0.9071517849115546 0.8942079634578298 0.9297191637864604 0.8948562542695927 0.9337188919672806
2 20 0.9519580691802295 0 0 0.968303869339087 0.954879822558983 0.9074128272107229 0.9649713467679487 0.9037678118016409 0.8989218443449083 1.0058245561929857 0.9185221747011194 0.9738718334449807
3 30 0.8805896736379946 0 0 0.8608111422625424 0.873272758170801 0.8457343826702488 0.8878347200164066 0.8205784972956454 0.8310585950273129 0.9221127462205483 0.8302438801533198 0.8918086748476175
4 40 0.7879425588683919 0 0 0.776694666236755 0.7665834597206453 0.7463226892244034 0.7846034409186613 0.74558075448813 0.7467912592471218 0.8357831441700344 0.7097303259578995 0.7978402681284694
5 50 0.7613626484516246 0 0 0.7198195766004339 0.7579501319935478 0.714468887504416 0.7540750096154033 0.7266542664397047 0.6966862234905308 0.7993311230017711 0.7065585752948709 0.7755158851824819
6 60 0.7940836235419887 0 0 0.7378040316962844 0.8104581929336871 0.7548986589204482 0.8140627204002098 0.761641288508956 0.7214529822610694 0.8237704497557159 0.7096496509453208 0.8207631092817301
7 70 0.8013200167560796 0 0 0.7499743284792266 0.8291021099124506 0.7535497505235934 0.8325035031222099 0.7843752964954676 0.719961246687751 0.828517266366871 0.6958720735505322 0.8283778698842678
8 80 0.7593403805928208 0 0 0.7072310115571345 0.7605684372592082 0.7137453018456742 0.7897982954184207 0.7408249716449955 0.6569426763110625 0.7932861906191382 0.6597366391085113 0.7824527615244619
9 90 0.7241795358568422 0 0 0.6700812401629075 0.7040515103121308 0.6756021221599662 0.7543638638253971 0.6892683720832392 0.6244688200762678 0.7790007212328959 0.6314594318797458 0.7347643131073958
10 100 0.697317474202076 0 0 0.64446277961543 0.6681314438340731 0.6538906170619188 0.7140159966874275 0.6584601160668134 0.5948531867139497 0.7621403003561363 0.6075462723295533 0.7158805026432739
11 110 0.6379191885453696 0 0 0.5936676410669776 0.5966207288515514 0.5964047361088068 0.6514407620128434 0.5860566393998847 0.5387106113175916 0.6984422852188671 0.5467364015668429 0.6484646935554902
12 120 0.5982781245046616 0 0 0.5688238001244008 0.5488242214890855 0.5660487690758891 0.6053745995766672 0.5422921391757384 0.4942503102308531 0.6650375699081872 0.5152209100308741 0.5949559128926482
13 130 0.5684633094242157 0 0 0.5333715674049679 0.5140098921210527 0.5179171684291339 0.5541081937920024 0.5138749387797132 0.45652522879734303 0.6298258276552634 0.5084019847221478 0.570357731690882
14 140 0.6296850012644382 0 0 0.5951548282294682 0.6281309236575922 0.5725454973905275 0.6090284561685478 0.5804483110983805 0.49323613829696283 0.7103938692823687 0.5909375679361801 0.6392113178654851
15 150 0.6195053496862316 0 0 0.6082338509620813 0.6240757765257253 0.5590193669279239 0.596944941875899 0.5778580513140033 0.4909528798402834 0.69953830768208 0.5734515749983212 0.6218061549607332
16 160 0.650265008620169 0 0 0.616643243345843 0.6374648799157988 0.575418751294544 0.6256522580537435 0.6710989353876723 0.5188129331834003 0.7440202530120543 0.58738466113666 0.6483736340721636
17 170 0.5677184311383131 0 0 0.547885528278894 0.5676975557535926 0.498142003161452 0.5374356766139908 0.5796077149607994 0.4407849099548457 0.6513925853294902 0.524423117417147 0.5743516690708586
18 180 0.520023803623496 0 0 0.5054356854300717 0.5290744482162871 0.4413500773496842 0.48402744334685205 0.5254852497245948 0.40473261418695616 0.5959673621091929 0.48032131983793563 0.5261744779882328
19 190 0.501607165883581 0 0 0.5044841771049432 0.5292459671758813 0.44049291864335655 0.4773129706932543 0.5061919474184968 0.3796143902429187 0.5702269386240634 0.4563065169996901 0.5003562856036272
20 200 0.507793167877313 0 0 0.5106686512657518 0.5631349616972013 0.4564479442214734 0.4783506254332169 0.545181085042344 0.3778432685824947 0.5826285985874525 0.4544127214181191 0.4992157490497938
21 210 0.46386129231226836 0 0 0.45393984208600097 0.5110918393901318 0.4177920259210929 0.434522555675643 0.48673634935087917 0.34976523223339057 0.5297213436133675 0.40999206700899393 0.455640030074613
22 220 0.45329757759506417 0 0 0.4437702169164684 0.5008962871104378 0.3985952338784089 0.4113872398059341 0.5018550324155674 0.33424174823661695 0.5313873493007935 0.3990853101302051 0.4573010945948243
23 230 0.43849194915115774 0 0 0.42831268001188627 0.47131347572997334 0.38333278758711303 0.38228846726605575 0.47106098806650915 0.327650020954625 0.5123873038822855 0.3789422727711197 0.45243113643167837
24 240 0.4571365321935193 0 0 0.43450134839903154 0.5014001958427835 0.4241971838671582 0.3914029979231689 0.5091837312563506 0.354492036372574 0.5429190194127773 0.39162611752077864 0.48387713674529803
25 250 0.43955688851512803 0 0 0.42581649571267305 0.4887438783477924 0.40818585326054246 0.3735883432628721 0.5023392202283908 0.34284472515936376 0.5348983381480328 0.37472516105945125 0.4728748176539641
26 260 0.41862746437177173 0 0 0.39575082364226183 0.461882366467021 0.38087756052321164 0.35540960112367953 0.47068128920205304 0.3236678110233127 0.49219284312884615 0.3575879329880335 0.4529503414917745
27 270 0.4444072661449563 0 0 0.42063360894512664 0.4899141715660653 0.42952340646611725 0.3749444106503296 0.49024495972930143 0.3416891165110453 0.5377623241928723 0.37958181409088093 0.483110749321104
28 280 0.4477257673811961 0 0 0.4245860939540335 0.491907878569066 0.4437231000200033 0.38170905448010883 0.4914454341892132 0.3378974637125317 0.5575061503705565 0.3851399308109146 0.49568818475946586
29 290 0.43459406785997395 0 0 0.42267693239104215 0.48462032160122726 0.42458789934200136 0.3609466054012891 0.4782125913396561 0.329599473245541 0.5451206333554087 0.3698571604588889 0.49034327454298293
30 300 0.4172200084488227 0 0 0.40583025284809476 0.4677387481813392 0.38093662050463345 0.3404687845581416 0.4542499806529161 0.3187181457638892 0.5338035599096116 0.35601579521902554 0.4746196668551703
31 310 0.3762134362745028 0 0 0.3631309005176228 0.4030593170248162 0.34356900205601587 0.3024098368807372 0.4015507801058813 0.2886129127804635 0.48652786450581903 0.3209731187124998 0.4140902254566083
32 320 0.3572149266554427 0 0 0.3442345787775234 0.3762266262154031 0.33283605122679455 0.28922812294082606 0.38031487014081267 0.2800624465904584 0.45906009884725785 0.2977397019590111 0.3938581622709411
33 330 0.3396522250881238 0 0 0.3345641044366856 0.35978908246598934 0.3166227603819316 0.27396646987896645 0.3522657327704853 0.2666078535591061 0.4273197591917456 0.27889896996999125 0.37018103222409005
34 340 0.33298690742626413 0 0 0.3207653583611356 0.35347392538475375 0.3057187986542342 0.27026372869785575 0.3471652092385665 0.26124628074975914 0.4149662084382751 0.2666112308379884 0.359198799982115
35 350 0.34431987128882113 0 0 0.34198277546335143 0.3578882377910269 0.3172956628641821 0.2725765870741743 0.36062518006083105 0.27006101432125046 0.42974027272211884 0.2688191493856077 0.38440506878548286
36 360 0.3123224835536548 0 0 0.30712525662022955 0.3177048891997024 0.28747834071415046 0.24817105153655403 0.31989105007379387 0.24638634369436932 0.3944649541905003 0.23260382076284292 0.3462615585539367
37 370 0.2872487060390459 0 0 0.28516919808642843 0.2961113626737989 0.2653876717749538 0.22040101333574477 0.2895255287357867 0.22393032642383418 0.3649631310992657 0.20606572043574467 0.3195813583397494
38 380 0.28025144438047794 0 0 0.27455967703978645 0.2799368752977563 0.26075363765751874 0.21211664445958156 0.28359993276903306 0.21161325549147406 0.36228935811313456 0.19852307297600513 0.3090915446368888
39 390 0.28918281161497644 0 0 0.29324195822748444 0.29644672373616215 0.28256460437038833 0.21985406057392518 0.28752298781624663 0.21387302191133287 0.3789532967885026 0.20430128470511758 0.33086570953721517
40 400 0.2948595261895934 0 0 0.30735855116617095 0.301793301687246 0.2937915702128557 0.2220868812379935 0.2977851287574773 0.21851402435220899 0.3897722620022387 0.21055968340739178 0.3574123271427333
41 410 0.33171817548370075 0 0 0.3484163309726132 0.3665721811054772 0.33409218380291283 0.2658181359117976 0.3519236292026679 0.24840361700236344 0.4690744114878996 0.2302931327042869 0.42017394400550995
42 420 0.3469247999172766 0 0 0.3608787973179893 0.3814679267114374 0.35234195934319446 0.2802442710902825 0.3729093684531382 0.2559707885733732 0.5012796672517849 0.23419147011987232 0.4508341966430577
43 430 0.3949851869834495 0 0 0.40380360549297994 0.4317434382406241 0.40486144221073384 0.32815252275827694 0.4307533918817699 0.2885293425616784 0.6112376550395614 0.252275466106503 0.5158026498827399
44 440 0.41090107718599395 0 0 0.4229418573711456 0.44896858813271195 0.4281593109256299 0.3349684683586305 0.45344298127144256 0.30273490372294115 0.635398764010791 0.24928780348332377 0.5379384120840769
45 450 0.4066476442611714 0 0 0.4247924399994087 0.4394135959353345 0.4134895307488311 0.3314563626268229 0.4401053751514554 0.3008509955240654 0.5913116738377856 0.24271402635234884 0.5311191647807064
46 460 0.40853748813446417 0 0 0.44115250856987936 0.4541615192556162 0.40945599435072977 0.31395073566536363 0.4378618613470352 0.30445072173317195 0.5853396509289843 0.24361674842351433 0.5300014770389382
47 470 0.3902216203119866 0 0 0.4220373605117914 0.43583521619195636 0.3917102225071535 0.2914247794327272 0.4130200713816942 0.2979193136432681 0.5715325266606602 0.23032056618773225 0.5129318433630624
48 480 0.3709405011995893 0 0 0.4099484624025271 0.4077213656071774 0.36948094274118604 0.26261020975313826 0.39081799916642174 0.2876432732332048 0.550864106827449 0.2146793967301597 0.4850538099359448
49 490 0.3802750461269539 0 0 0.4189603327386642 0.41389537102147866 0.386433748119009 0.2708811854079886 0.4156276006904638 0.3052818001202982 0.5879753886043535 0.21495752370993823 0.524021698338273
50 500 0.39122328966696884 0 0 0.44110738518946435 0.43463189741117164 0.3852442396313369 0.2787941845062745 0.42417460263175544 0.31404370661386966 0.6194780606358186 0.20784633105597136 0.54666083639753
51 510 0.3662215047004027 0 0 0.4122902321276363 0.40695871897997044 0.3586971353101136 0.2598243002592604 0.3858206803307173 0.2869465172846995 0.5843103064737334 0.1921875120012779 0.5086245965734418
52 520 0.3369778760029268 0 0 0.37000568887172414 0.3656977092341264 0.33710728304615 0.2450436713321188 0.3488351934002733 0.2684203784075492 0.5313761425531437 0.17046928551650553 0.46720826204866067
53 530 0.30512625742344623 0 0 0.32489776992957325 0.3366496445959139 0.304346771449399 0.22775136513251626 0.31654208910585435 0.2440123768667063 0.47798475575786004 0.14695191912377922 0.41283583835095145
54 540 0.27708762758689576 0 0 0.2880536982901563 0.30539359137144206 0.27684300058930256 0.19924467326815606 0.28668316596436627 0.22505072732091433 0.43006556073400104 0.12851178236641106 0.3748488898841777
55 550 0.2989502229946168 0 0 0.30299838949263824 0.328637295741353 0.29742020353164 0.21567387776307972 0.30784177945394625 0.2525102910372974 0.46120757054488 0.13624874896670322 0.406693555249119
56 560 0.3073022063208715 0 0 0.3099231073653113 0.3391293038633463 0.3058806124221647 0.22227936001735588 0.3188540936972764 0.2625572546759005 0.4757475178169731 0.13878789593358962 0.41553384383770586
57 570 0.3376980963571276 0 0 0.36388413154544336 0.3800560113243969 0.33503768710903997 0.247178378364254 0.36051851344661195 0.28041405040625217 0.5210144449004656 0.1509449534973666 0.4507362702686978
58 580 0.38103978863790605 0 0 0.41465668484708107 0.4297415237449127 0.37109866010122566 0.281211735901354 0.41379193236821254 0.32168677965415704 0.6080893897823836 0.16472587325965185 0.5073064902947764
59 590 0.411323994441081 0 0 0.44943858295637606 0.46978654188450275 0.40707503625209185 0.3108501279184268 0.4726928719155268 0.34791849364830985 0.6831309476239744 0.168360525848552 0.5470859107419435
60 600 0.4550296969057865 0 0 0.503281256837888 0.5058475109457525 0.4538598956902993 0.34388640838880496 0.5332314619728411 0.38028619766375665 0.8172750598463493 0.1841063370527863 0.6117983468412256
61 610 0.45481687543403077 0 0 0.5091206985486821 0.5303696688071543 0.45390725496212836 0.3377057451606467 0.5411924346877864 0.37281667797606327 0.84343200484077 0.1789940730829019 0.6150795558126378
62 620 0.398147396106492 0 0 0.4468071140141571 0.4585037514918341 0.3951184453184111 0.291505849315919 0.47730639376684103 0.3181419545177643 0.7449590571867682 0.1522111021969784 0.5418117081270973
63 630 0.3623371614522401 0 0 0.4048577012224123 0.40946897090266626 0.35951878798788406 0.26800332053274506 0.43132545088869984 0.2866483631120693 0.6614351103340976 0.13329784972476807 0.4909959784881466
64 640 0.32568198304655155 0 0 0.37242116896461297 0.3785358050072481 0.321825998465702 0.24016904516298282 0.38418080814977656 0.2557958539063536 0.5928259031943772 0.11463903726269406 0.44285073077855364
65 650 0.2964044922218145 0 0 0.3317511027785466 0.34725577423089093 0.30423720757330813 0.21604333678102317 0.3489953509652306 0.23289339128534392 0.5360521704377328 0.09911074568180833 0.41953231725199036
66 660 0.29555841804280536 0 0 0.3560409210341388 0.36780544616482924 0.3032631078154943 0.2216910341722911 0.3554728947260595 0.23717329427183398 0.5309489806140659 0.09908435896993194 0.4140474405081053
67 670 0.2988407314754625 0 0 0.3714889089325649 0.3836137958042626 0.3158866441385209 0.22194074370257422 0.35669043411073553 0.2292971999084073 0.5232471615959128 0.09966335040560527 0.4113135518594945
68 680 0.3187501682097311 0 0 0.3910717068234193 0.4168839749777189 0.3516056241783521 0.24102412331987205 0.3855134430276603 0.24583581774166247 0.5642306744243384 0.10461003514825148 0.44116663643193954
69 690 0.3514100021848575 0 0 0.4353784160610059 0.47500030333451737 0.4086868168536226 0.2674638608504022 0.41944999769784774 0.26098351164587613 0.6316994842710326 0.11036551026334118 0.4896767203280073
70 700 0.3153366626762258 0 0 0.3911356117453763 0.4308076833126108 0.37120702463728417 0.23979494420451578 0.3699104873669405 0.23173986278391734 0.5698803447776829 0.09580503645254053 0.4465116494153702
71 710 0.3042390222025197 0 0 0.38014036397620804 0.4155594264981505 0.36860911288845577 0.239755971396762 0.35895740035028717 0.2324606288601636 0.5564758134236517 0.09175310321455325 0.44049940180538844
72 720 0.27571970536228324 0 0 0.3430907092627868 0.37520683945093336 0.3135356154722159 0.2187030483929094 0.328072675813359 0.20851625852534347 0.48105666906915395 0.08206965553007081 0.38572675855544447
73 730 0.2652495887766488 0 0 0.3255844824651182 0.3587360386968394 0.3021513364330814 0.2119886977589596 0.3160974852658226 0.19747569106639268 0.46111382749049296 0.07665265358409196 0.3757454124910427
74 740 0.25062999287715604 0 0 0.3018967639248146 0.3324550359605868 0.2826777943276708 0.20103212015096414 0.3025296019300848 0.17556894383462307 0.4393840387649258 0.06947154305636302 0.3508208926192334
75 750 0.2631248647573406 0 0 0.3123758780132694 0.34427948509911804 0.2924082733311735 0.21142601205030034 0.3435760613345475 0.18615266928811214 0.45857877536244535 0.07256283406385662 0.3695193702890221
76 760 0.28415665260141354 0 0 0.339275011308081 0.3640132919114499 0.31715489370651856 0.22994139806698477 0.3974395130517777 0.1991311174662797 0.4917007713425987 0.07512250180618299 0.39692673074071233
77 770 0.2695892337226251 0 0 0.3197954538717376 0.3384787527669456 0.30495649985949586 0.22302500369814193 0.38367545186784874 0.1884133040430979 0.464934755350566 0.07008528869690984 0.37883853889740227
78 780 0.24415513038216458 0 0 0.29283797586555715 0.3089767250769997 0.2767432480453606 0.20217483449903803 0.3409211320568185 0.1674572939788313 0.42181813658645556 0.06262823238263186 0.3434401987680865
79 790 0.2318633938481499 0 0 0.2764391220678611 0.295818203998971 0.2635220665941118 0.19162119954837084 0.3184794525981016 0.15904517006283203 0.415158791946681 0.0579709533748512 0.33213895212188005
80 800 0.21206430301709014 0 0 0.2550966004399741 0.2714131659737655 0.24250534999862675 0.1756689502552783 0.28700406531724765 0.14526251872608592 0.3907925299053397 0.051092589938996805 0.3113703543640118
81 810 0.18753572982907 0 0 0.2241057721336902 0.23481330439429818 0.2101692905006047 0.15254710298814608 0.25085725160197264 0.12618692679249563 0.33258243691823314 0.04342090973381576 0.27113228141979384
82 820 0.18344443191658963 0 0 0.21821493179910673 0.23078706128919438 0.20283895979487132 0.14379914073133962 0.24357924963425848 0.12408986447225687 0.32427752116690195 0.04255452605479713 0.26512334823333683
83 830 0.1766679284349488 0 0 0.21623606092200826 0.22408596406840067 0.19439787123256694 0.1381295384920611 0.23223928624341092 0.12091934605703353 0.3138763466417443 0.04072805833039914 0.2567893768387186
84 840 0.16784920492168953 0 0 0.20275561758439492 0.20404545639401805 0.18900840604098731 0.1304152990941336 0.2213309065737749 0.11535731692143066 0.3001581299706107 0.03748863931710802 0.2444272030813971
85 850 0.18073892799374008 0 0 0.22227104596482009 0.2177581408488074 0.19932768008556512 0.13105474586649898 0.24118654287157573 0.12497839353790195 0.3330958710965054 0.03997797727329792 0.25956656140925977
86 860 0.19878468642726058 0 0 0.2455264528111757 0.24360521437531765 0.22359521184743564 0.14505147683461717 0.27935980244415115 0.13781733644111477 0.3972211214406476 0.04343348525187705 0.2980196007428534
87 870 0.19684350194663133 0 0 0.24013411164280057 0.23976104221730984 0.2185379907498732 0.14014609726680968 0.2810304473292221 0.13615906701785163 0.4037652961031114 0.041600640813556425 0.29324694130987056
88 880 0.1920688097340001 0 0 0.22433780138000012 0.22353220611663918 0.20958474191524856 0.13512367108772583 0.2736091907473284 0.13007102967009962 0.3956528898635794 0.03878143863278609 0.28737056721268706
89 890 0.19543212662837692 0 0 0.22400113737379804 0.2175988574344722 0.21286379866194433 0.13851164566724608 0.2793070204521626 0.13386537031017764 0.40718771744989485 0.03809004096389838 0.2916002724123807
90 900 0.20948799766859327 0 0 0.23991316743360558 0.2342108652705815 0.22940534160521117 0.14855961986521588 0.2967245751826027 0.14105856174568346 0.4599461394202155 0.040531984645228246 0.3090488388269756
91 910 0.2081004836598125 0 0 0.2423294607600363 0.2281440342084384 0.22998005294816873 0.14689419897122796 0.2912071359999046 0.13990941977540952 0.45036735015651075 0.03873980941084746 0.30435254633864356
92 920 0.2109611361065783 0 0 0.24796119174171272 0.23175704525104332 0.2304523637258299 0.1498081158507336 0.2978974958716055 0.14062056963680886 0.4729222715170173 0.03832298234495789 0.3080313139062543
93 930 0.23206178395668756 0 0 0.2831915288345448 0.2545965308741066 0.2663247051862246 0.17037075953633748 0.33087395286735904 0.15323440961965198 0.530652728845266 0.04155155173960847 0.34507862441529535
94 940 0.2631158145068007 0 0 0.31370110548929875 0.2848041971334089 0.31803940020997307 0.21434070700483035 0.37357098281143186 0.1701688347052309 0.6186030025066526 0.04672457591438897 0.3852585551878081
95 950 0.314554827278209 0 0 0.3875546015576891 0.3399557195327864 0.40910318850665545 0.2694102278198318 0.4403387106361449 0.20591079171909032 0.767944175956594 0.05432693526931506 0.46275508061026216
96 960 0.33017543538284505 0 0 0.40703519366645213 0.35706266431093087 0.4283311731612074 0.2854938906273944 0.46855122872898997 0.2081880890132085 0.8089243432284201 0.05499033802254019 0.48158091162833483
97 970 0.321150745330165 0 0 0.39599853906926746 0.35804696410186 0.414714469355039 0.2812544392756721 0.4525320352567514 0.2054090026420533 0.802210259527152 0.05170664801824551 0.4672477719773734
98 980 0.315453580485497 0 0 0.39082937523271427 0.35333006548073215 0.4042336926360266 0.2738442274682843 0.44566794658062214 0.2072894439735021 0.7852584316458786 0.0481334577886479 0.45091289209116964
99 990 0.3080741890842955 0 0 0.37961783343737904 0.34227343967449647 0.3957136041452362 0.26558678519256906 0.4371134550566107 0.20347566600293737 0.7660591776357684 0.04585800386374781 0.43838965655068485
100 1000 0.31145066663305265 0 0 0.3852978611746222 0.3467437315365538 0.399202639418891 0.2626035408056136 0.47619161770135443 0.20330316519327815 0.7554016409392268 0.045902837861933034 0.46316920588311294
101 1010 0.3700104348837607 0 0 0.479118006185614 0.42900894043532906 0.47612220031616187 0.31260685586701026 0.5823444799879418 0.24208810735126832 0.8996369437827711 0.051236227126617885 0.552202583856505
102 1020 0.3935086230667836 0 0 0.5181135169702471 0.461369888592599 0.5080003833350567 0.33474221289362066 0.6096060214540541 0.2516431947261201 0.9630590923663332 0.050760422841601024 0.5940177982622451
103 1030 0.4103637430172677 0 0 0.5530790134544862 0.495913111893008 0.5313842062468511 0.3466095868066628 0.6342993911415972 0.26101284720713247 1.0167275706198886 0.05077584464149107 0.626470030250583
104 1040 0.42418508361801843 0 0 0.5719876378224704 0.5191503155161026 0.5365930745806823 0.35934962751003197 0.6485011463584108 0.26524839853849996 1.0627001104457954 0.049522437023835006 0.6454690395006907
105 1050 0.4192187751171063 0 0 0.5604846179091374 0.509499465016683 0.5296060745442139 0.35520418200832576 0.6366992102607943 0.2586274998375324 1.058235678450091 0.046899496935740595 0.6294898092675154
106 1060 0.3825036648901546 0 0 0.5101479748201706 0.46016106123338957 0.4941599455174064 0.32228235966170693 0.5789379675218598 0.22680408531544624 0.973400395092985 0.041880989856803226 0.5718133410266193
107 1070 0.36744000467232957 0 0 0.48229769280834506 0.4398783998109353 0.47732459135267363 0.3131345946939782 0.5460864476554809 0.2146205235046336 0.9476669517314863 0.040164486036143136 0.5578610795667851
108 1080 0.34603446324631115 0 0 0.43645623911259257 0.40099365920427965 0.45101189991639934 0.29406095221198814 0.5156685043722125 0.2075154520382591 0.891845730306287 0.03530297655182064 0.5284405581432222
109 1090 0.33299785290783485 0 0 0.4201361268783868 0.3819224373209506 0.43582814916905566 0.28298876458252015 0.49483461452846284 0.1930650838648181 0.8582693438539217 0.03215527904772626 0.5087920667611288
110 1100 0.33027930227976593 0 0 0.41661097458711055 0.38080780722594326 0.42424509923203163 0.27719853935992245 0.49479163857309766 0.18736831104118357 0.8405353216150141 0.030374547230737316 0.5134515337918535
111 1110 0.33188368472583124 0 0 0.4178543305258481 0.3894893126833916 0.42046033395217525 0.26391964736433837 0.4961487678662104 0.1810747498670015 0.8154541249897046 0.030127336954441388 0.5196044506095231
112 1120 0.33164601644947983 0 0 0.41618561812528054 0.3989686832738943 0.4188165182003773 0.26265879460112457 0.4869751733012484 0.18519329530618975 0.786249308325629 0.029344192035774506 0.5037658324112654
113 1130 0.29390735211233165 0 0 0.3613822165648482 0.351815671572832 0.36937589785135405 0.23188412906169803 0.4342876910597651 0.1619904735236893 0.700394737909788 0.024377697850791906 0.4512475194871397
114 1140 0.2552893674629024 0 0 0.3163642866254921 0.30599684105766367 0.3196442229540718 0.20528446591997818 0.38031992849024293 0.1345909959192732 0.6034945963277702 0.020091165063392147 0.3882617860024669
115 1150 0.23425432091210202 0 0 0.28443328892145914 0.28231260223667165 0.28613734348662456 0.18235222631107742 0.349994911911534 0.124878251929666 0.5405253726543279 0.018357068663280303 0.35015156203896186
116 1160 0.21309719913027123 0 0 0.26045021316942485 0.2638863391279064 0.26219416883212 0.16430952419088515 0.31367715837449317 0.11244862127779594 0.4947355016021437 0.015717041198280806 0.3197895224586879
117 1170 0.19779183403927728 0 0 0.23759749534226393 0.2436369170270693 0.24217382523049755 0.15201972582548995 0.2862363356294299 0.10494772305891589 0.4564461519521266 0.01428502956084763 0.29685815532701054
118 1180 0.18408304262319702 0 0 0.22395928532449572 0.2283223499454877 0.22477761834544321 0.1406588017808951 0.26264186214158775 0.09775341860963702 0.4203968614134705 0.012735327909100196 0.2745250297292564
119 1190 0.17487309583584923 0 0 0.212989651246492 0.21699262938354577 0.21427117612730587 0.13222401074090184 0.25021417688385045 0.09304164608567413 0.40097780625335666 0.011926308329640398 0.25895760525542066
120 1200 0.15947151869507656 0 0 0.1957649327639187 0.19718273669886557 0.1952302274326199 0.11696505365006026 0.23154105344088327 0.08450246007953098 0.3644473526940945 0.010646954949113507 0.2342124978765877
121 1210 0.1519905065430503 0 0 0.18181588660251014 0.18417399407614013 0.18899908938456994 0.11020483031888796 0.22381575142811577 0.08194263650633501 0.3431128534254189 0.010184203366571132 0.21935766115395594
122 1220 0.1368499534422548 0 0 0.16326228465705084 0.16679868589542748 0.16940546113064367 0.0989462109538304 0.2024264761351397 0.07241862558889162 0.3112634199464739 0.008756229110472444 0.1963482798454723
123 1230 0.12044605025452035 0 0 0.14195849467384183 0.14637271775659402 0.15401736588543605 0.0870872609754141 0.17901365498224894 0.0607951216673981 0.27214618310691313 0.007484091278355262 0.17263518530046312
124 1240 0.10596365491897511 0 0 0.12460112389608649 0.1296196003685231 0.13623476245159663 0.07609033419408506 0.15594637992301905 0.05215495906246959 0.23828976246067074 0.0065975835470108825 0.14615930586345185
125 1250 0.09838710374178161 0 0 0.11513847536831051 0.11782593673165083 0.12576340303962996 0.07111489545443063 0.1432003195443466 0.04760371784842629 0.21952988617449573 0.005869940241876126 0.13727040235920474
126 1260 0.09696867488588627 0 0 0.11602740256316905 0.11769507987050602 0.12362150597269947 0.06860002793502806 0.14512690531704536 0.046806657945003965 0.22381633586916402 0.005463899995989884 0.13224977492116438
127 1270 0.08577837411982965 0 0 0.10243221644186747 0.10529661338301333 0.11026853338708237 0.060376429000520704 0.12715050974146702 0.04023260216576115 0.1961762176087436 0.0045801501264853195 0.11566412954471965
128 1280 0.07887940118123261 0 0 0.09366750606405914 0.09771096831185033 0.10023503950810451 0.05573597791458496 0.11689504143214495 0.037344170646317364 0.18376123011192855 0.004072362978942439 0.10427694122029948
129 1290 0.07093841434192934 0 0 0.08240297643650034 0.08606449915623295 0.08510850840132347 0.049936627999545624 0.10465728689119126 0.03289809635161313 0.16682880616416776 0.003437304659645655 0.09074377844000574
130 1300 0.06661833486749309 0 0 0.07731336546136713 0.08073938579785417 0.07934100026419148 0.046644043935752555 0.09653195306632566 0.030119010092320403 0.15450046511365248 0.0031431066079274993 0.08499170838431788
131 1310 0.06802231632909721 0 0 0.079660429981516 0.08181353495410845 0.08287057943259969 0.047425190879951715 0.10064077433693354 0.030831677684066285 0.15768181696695655 0.003155175682694826 0.09230978229014909
132 1320 0.07459747533164979 0 0 0.0873437449694252 0.08845841031428131 0.09201346695190782 0.05178811133671938 0.11096173908884614 0.034714285334530234 0.18099453339362895 0.0034155249139989 0.10827913545594785
133 1330 0.08151535744356966 0 0 0.09307993086844903 0.09449342547343213 0.0997565871818636 0.05810819240366286 0.11857861510914047 0.03836879412325456 0.19957592070506117 0.003701632103239171 0.12200815877910869
134 1340 0.08775659330443601 0 0 0.09872095251343342 0.09969580603587999 0.10610460162312214 0.06297909979425803 0.1299492401568326 0.044053403316220936 0.2183532792364922 0.0037957603928847855 0.13718894772800172
135 1350 0.08323409699253556 0 0 0.09492523700619478 0.09477937084703016 0.10277073670715618 0.0593501185159668 0.12141081543700082 0.04110381485286144 0.20753098781832707 0.0035483744234483085 0.12913066246912347
136 1360 0.08066998506503736 0 0 0.09134182247792051 0.09144107244825937 0.09901821148909118 0.060013856528910677 0.11550798537830313 0.038377043552392305 0.19935445239955948 0.003298347484187432 0.12114304218023227
137 1370 0.08298221195494213 0 0 0.09401015917097208 0.09707315318567282 0.09901400949074257 0.061590005012222455 0.11712457116394671 0.03812053231419317 0.2058986182491894 0.0033367123363181464 0.12396595894405452
138 1380 0.08526183367296437 0 0 0.0950814607201759 0.1027799045208825 0.09968490690001892 0.06437635723437847 0.11912840008580067 0.039490374589241324 0.21039859473192937 0.0032457687512338755 0.1261565224665703
139 1390 0.08268663501227577 0 0 0.09143900996763661 0.09953354269295073 0.09671759957651717 0.06364030917581079 0.11592454336730404 0.03815646092831045 0.20144370946333526 0.0030579988842652393 0.12032401095770141
140 1400 0.08139424541664814 0 0 0.0899596776723787 0.0961078306559417 0.09352126916759744 0.06243701830104643 0.1138652933041567 0.037291720153251155 0.20126401503854885 0.002947227309229511 0.12164725466075155
141 1410 0.07520219550627188 0 0 0.0826875996163294 0.08660850500107284 0.08603566014080878 0.05952212242361849 0.10441776492572166 0.03457760233524166 0.1889777516063058 0.002570587871027521 0.10865020858720403
142 1420 0.07545067864325972 0 0 0.08500124508049474 0.08891188676931272 0.09373794729230994 0.06058318384887922 0.10277017726249395 0.035669379329644896 0.18820741065487057 0.0024918989464854857 0.10707868074689124
143 1430 0.07051339563521618 0 0 0.07804263428069773 0.08061110518746105 0.08872814365743348 0.056924318131114614 0.09489931925538429 0.03341666727862261 0.1727748749928806 0.002303933613757495 0.09883595165920185
144 1440 0.06670216078156116 0 0 0.07811251760304579 0.07820212919621938 0.08610151304942713 0.05466763619250124 0.08520424170863203 0.0312448380597205 0.16202883425963335 0.002152361030713762 0.09374387943075545
145 1450 0.0743004812305409 0 0 0.09477002720942446 0.09212578479388615 0.10258991241687837 0.06100586886973367 0.09316221803332726 0.034699924880675505 0.1829168517869129 0.002277728213387502 0.11675201468011948
146 1460 0.08518562366282728 0 0 0.1115664338280762 0.10684408028439403 0.11940968362925304 0.07078981392232514 0.10888978735665618 0.04296080072975918 0.22239933433987866 0.0024833897589456957 0.14916940534582646
147 1470 0.09132633185890217 0 0 0.11817589526701842 0.11299057529483045 0.12631067327654352 0.07532133870537484 0.1236080100946262 0.04788893259965445 0.24203763963863892 0.002577760211161324 0.16275738722637087
148 1480 0.0897495895004542 0 0 0.11257101839319206 0.10897064636414795 0.12115413933404627 0.07354595647782332 0.11681424887648625 0.047602050250341685 0.24065758795659203 0.0025233311476910297 0.1566300548418
149 1490 0.09395036043191793 0 0 0.1207828597840261 0.11663586738096957 0.13085881052903434 0.07763994207490896 0.12889881621931784 0.04829222797824932 0.26318832868080994 0.0026036209538585165 0.16349572957324707
150 1500 0.09362619526396981 0 0 0.12074975766021234 0.11621806706521261 0.12900471772249333 0.07716353821542622 0.13191037905176387 0.048205619315800065 0.2650119739100178 0.0025608597268399 0.17116861351469184
151 1510 0.09333851311893225 0 0 0.11888405768795737 0.11689486673044017 0.12743376336092405 0.07636955925065514 0.13015407265370812 0.04981392684968373 0.26499201980439424 0.0025040473096034723 0.1728610601305202
152 1520 0.0846892409511776 0 0 0.1073211368968257 0.10645908335260315 0.11483576615965141 0.06935753474714534 0.11752602839670713 0.04303555079580006 0.23678715501902342 0.002154890253906094 0.14834449789784654
153 1530 0.08367863185411144 0 0 0.10674030775090519 0.10618316888445106 0.11249174516709058 0.0680205142236994 0.11655871606140196 0.04198719119692082 0.22891693781707753 0.0019943066942925175 0.14720418341720717
154 1540 0.09062044118645604 0 0 0.120225001989838 0.1192437434361136 0.12760397205773497 0.07579757153619367 0.13213684851658833 0.04726839142111373 0.24831037738144457 0.002100147906417285 0.15441020300029953
155 1550 0.09612256303720904 0 0 0.12993247660320878 0.1271275046226788 0.1376344810330704 0.08334977284739345 0.14381875624089419 0.050930044796666955 0.26858068327324586 0.0021829047764324702 0.1661413198206491
156 1560 0.09436254619724176 0 0 0.12554346436766844 0.12260278514699177 0.13334702677191218 0.08248920924646141 0.14193329784084097 0.049003942705855466 0.26162635587983574 0.0021146854454946874 0.15975080263928648
157 1570 0.08992719724656233 0 0 0.11975341215407682 0.11827808822307792 0.1257812780019723 0.07735038340548035 0.1346174629210168 0.047026653875309216 0.2531985331972445 0.001962509213954444 0.15351913753092641
158 1580 0.08722079698422039 0 0 0.11467650997234623 0.11780445604617568 0.12202319459256371 0.07772839478059121 0.1269194420653809 0.044895488399678864 0.24648836256355502 0.001857178737394422 0.14175572915822277
159 1590 0.08406776826074229 0 0 0.1101866176221911 0.11292327117011515 0.11787485567460268 0.07475518137611395 0.1204426932861573 0.04276169264278152 0.23138670722185836 0.001780966488936763 0.13342760628681996
160 1600 0.08629495580767205 0 0 0.11375873312907822 0.11480504970724228 0.12126541560095361 0.08111510690708011 0.12603144260940277 0.04281309214947493 0.23766272093292967 0.0017398074487806365 0.13610084487276847
161 1610 0.08104354024933595 0 0 0.10698573836665484 0.10730015825346194 0.11392335610030972 0.0759394471182301 0.11840147029951016 0.04018101361212427 0.22460336838672235 0.0016416325402446267 0.13035437975837205
162 1620 0.07838838880673762 0 0 0.10357482622281622 0.10408775888776171 0.11168467471248346 0.0727535235405703 0.11231866148516667 0.03793412077037326 0.21630102417263336 0.001544425247456269 0.12477704817624682
163 1630 0.0714139530831963 0 0 0.09312124709789575 0.09422233926532389 0.09904802319701178 0.06592036236086632 0.1022231964099972 0.0348069784256159 0.1964178779634807 0.001405334120922408 0.11359439495496636
164 1640 0.06850733770134798 0 0 0.08696893351039407 0.08805884463513027 0.09296706311690017 0.06246526708009649 0.09869268562268815 0.0328441802108029 0.19001790393975704 0.0012942871891146164 0.10665792761786728
165 1650 0.05989255476059231 0 0 0.07418499410990836 0.07743909727523984 0.0800842254908793 0.05355443925346197 0.08694418322501114 0.028330903945053658 0.16506768782637435 0.0010908012691913528 0.09086471339028408
166 1660 0.05326264929142902 0 0 0.066010695088043 0.06912223417061948 0.0716005199512094 0.04760143756372209 0.07481552724806179 0.0249349992334738 0.13898907488897255 0.0009477402565610466 0.077243305063424
167 1670 0.05025529763281575 0 0 0.06499125041999373 0.0674658194872059 0.06898479901802988 0.04458865049616295 0.07028324827941194 0.023581219631175595 0.1273621568840139 0.0008769908095218373 0.0715866249597201
168 1680 0.04837162082431033 0 0 0.06463733340260011 0.06634535277555628 0.06678492659979428 0.041207178224344436 0.06582975574053963 0.022505369368995203 0.12116840989361684 0.0008470492150117312 0.06831224961991772
169 1690 0.045282559045947156 0 0 0.0609915809914263 0.062414051577217626 0.06400230592303555 0.039306902280636484 0.06088297552288779 0.021133834494958457 0.11629203783798879 0.0007892083655556868 0.06244606621268799
170 1700 0.04394421769472992 0 0 0.05925752840784812 0.06087293287455523 0.06261020506331251 0.03845483903310225 0.05960921806115469 0.02087746759930965 0.11622826372662866 0.0007586905607968413 0.05854101565093028
171 1710 0.040459971559483505 0 0 0.054498599148235356 0.05532175979941925 0.05767818056639209 0.03631430867547915 0.05463636461269175 0.019395323672419428 0.10855848184408985 0.0006679505630182668 0.050623155053373406
172 1720 0.03647624186802082 0 0 0.04948013884291495 0.05002588899089493 0.052636148261964916 0.0317871533777792 0.05004119270797713 0.01731110567483377 0.09639844763683376 0.0005967178859590405 0.04380781665716097
173 1730 0.0355503687261244 0 0 0.05049844760958135 0.049397249845275215 0.05404751011869735 0.03144597714538615 0.04762340724475023 0.0164867592497255 0.09423341189460288 0.000574411237455805 0.04271572435429629
174 1740 0.036321941091912516 0 0 0.052526560439210356 0.05156934278363129 0.05601833733224938 0.031023868148175614 0.0489876734084423 0.016523389497818716 0.09297895810589904 0.0005750273092223606 0.043188976662136336
175 1750 0.03453194935990229 0 0 0.050248205371534696 0.049880378709092156 0.05338217109475724 0.0294228051877639 0.047446142330332536 0.015685798641261666 0.0875820355337733 0.0005357343819914757 0.040963864815158825
176 1760 0.03287294510391863 0 0 0.04830892011613077 0.04801263974943422 0.05116588007387266 0.02718003089139168 0.04526863827173467 0.014634680209887129 0.08160321577783464 0.0004924063352256362 0.03777535229242696
177 1770 0.029365946348701485 0 0 0.04419501675123201 0.043501942955328 0.04573500764028288 0.023738368294339972 0.0406213161342672 0.01289333578544124 0.07176451766191755 0.00043442946752755634 0.03254080021950856
178 1780 0.026008746666453017 0 0 0.03845500329799326 0.037792378460558766 0.03919364034720362 0.020938267456321807 0.034605164096041745 0.011241904043568656 0.06257502352479415 0.00038543454746548704 0.027201550891072117
179 1790 0.023571569949674468 0 0 0.0342774464250359 0.034294351392423775 0.03522499123053495 0.01818935625055084 0.030708792758620717 0.010253655586435997 0.05584864860431562 0.0003509789917345808 0.023851207329437706
180 1800 0.02170734970114685 0 0 0.03149802888363512 0.031601020347582186 0.032783212391561165 0.017006657892936705 0.028702308249139778 0.009465750804373141 0.05163933396537523 0.00030654974312922497 0.021849413347783696
181 1810 0.019736941545597526 0 0 0.028057147881934613 0.028399705862772417 0.029273798580088033 0.01534555211959394 0.02610966604326455 0.008820650894460566 0.047453362909682544 0.00026075524007451766 0.019659285003882185
182 1820 0.01784215713886568 0 0 0.02519322922573969 0.025596064561889363 0.026456363682820155 0.013793625911203365 0.023454272559407702 0.007841442637544464 0.04230751355920821 0.00022388263713804315 0.017593742786077705
183 1830 0.01670818567230907 0 0 0.02365695199462934 0.02384878249667986 0.024939925559742886 0.01288484502588541 0.021829095645816952 0.007389247531053045 0.04046985506580319 0.00020418073300482824 0.0161401467783724
184 1840 0.015587371375049138 0 0 0.022486071838787036 0.022309747821820592 0.023690777655547484 0.012266367032567317 0.020828477480139284 0.0069045176530669414 0.039415759554342025 0.0001893911998303983 0.01485353196931074
185 1850 0.015460020735041081 0 0 0.021838839905951802 0.021591827012117728 0.022915501650382194 0.012125071290787055 0.02080570456586576 0.006835076472200143 0.04019986325928958 0.0001814853556215085 0.014203755124632239
186 1860 0.01653360242257857 0 0 0.02243719720293539 0.022536329774612646 0.02321659677205122 0.012488635660247872 0.022871071640785858 0.007229104919772427 0.044245944936186374 0.0001842031335714189 0.014847681182008963
187 1870 0.016089972721641824 0 0 0.021403168224009984 0.021419588834677115 0.022592746316628606 0.01317871179457907 0.022403440852331057 0.00726550544258431 0.04484658470412028 0.00017448053014901884 0.013758676481561812
188 1880 0.016917570386305494 0 0 0.022262220903889164 0.02242009030225444 0.023860625090021608 0.014129355646926679 0.02639865849366075 0.007892024150851289 0.048499152205632876 0.0001760832649632742 0.014561403780416392
189 1890 0.017596092852219105 0 0 0.02387297419886612 0.02390032586550889 0.024635408634856488 0.014760162465789876 0.02837787033718092 0.008174721181275607 0.051550972000918724 0.00017679042284436477 0.014903409293374066
190 1900 0.018368736746485117 0 0 0.025884411182738466 0.02606164332042326 0.02521751992857677 0.014662092773372992 0.03100370080153071 0.008188240979498291 0.052341135807602565 0.00018220944800497013 0.01527679071288833
191 1910 0.02034501747494038 0 0 0.029284792293729208 0.029429177524788564 0.02904130125163215 0.017177486749453935 0.03502580057499004 0.009554826659186463 0.05885214646049903 0.00019523245281158035 0.01665821906692969
192 1920 0.020500251764513512 0 0 0.029626395672227045 0.029492479210561254 0.029603641774952488 0.017709445170499237 0.03536637226011387 0.009615204393651532 0.059575345718146176 0.0001854247463549456 0.016376421755776673
193 1930 0.020174404150345333 0 0 0.02929811618360602 0.029259496163418056 0.028724828846344183 0.01759113245367631 0.03510182119809782 0.00960502176067406 0.05932053964161922 0.00017209911474078964 0.015285193652485311
194 1940 0.020001767465745286 0 0 0.02864265160854123 0.028908777815982903 0.027866484333153526 0.017350948197829022 0.03552664827492461 0.00968698716442676 0.06004047733565278 0.00016035121406688603 0.014707711278916095
195 1950 0.01886698336730289 0 0 0.0271960243318713 0.027085941068550296 0.025932231824466512 0.016544570600865328 0.034158385913858356 0.00906394062825942 0.05740698739708033 0.00014654363247641432 0.013441006095069619
196 1960 0.01722094857295507 0 0 0.02482533478649252 0.024961618703929645 0.023674525806182574 0.014947696571797172 0.03058336081328765 0.008122067962836495 0.0516844138746071 0.0001327948849763171 0.011552973130527097
197 1970 0.015815005820112457 0 0 0.022901728247858633 0.022858251406461534 0.022123060675003362 0.013440794421772598 0.02797069442431392 0.007464127414050581 0.04741884074639562 0.00011545453968409506 0.01064693313819869
198 1980 0.015488930725883199 0 0 0.022063913142707805 0.021895370791156086 0.02176428799031003 0.012663581934768254 0.02713994649782709 0.0071821657143267634 0.04529367861579944 0.00011034344532834666 0.010265454226051504
199 1990 0.015048885681811973 0 0 0.022325231974736504 0.021671781867583367 0.021897795960742174 0.012433779441625681 0.026816536183518046 0.006997874708427451 0.04536228049605086 0.00010333937995660273 0.009700456076439025
200 2000 0.015091918729635787 0 0 0.022972748515795487 0.022232309426580152 0.021807598781028923 0.012371092018279026 0.027604453853062476 0.006976527720456106 0.044894401316590594 0.00010107183520404886 0.009549510343344768
201 2010 0.015152924312721095 0 0 0.023380767699738528 0.022554868526682093 0.022812069258638133 0.013328147986377523 0.027922924997642127 0.007187938448697762 0.045789876630389956 9.502081052864322e-05 0.00949356606652784
202 2020 0.015315481634862146 0 0 0.0251305825310606 0.024220612286674097 0.024671607495831336 0.01355770294590697 0.02877540924744327 0.007112057481172097 0.04670433771911704 9.193927617255674e-05 0.009538006327725923
203 2030 0.014805455761782257 0 0 0.024571795975562687 0.023274176907027447 0.023913886620814062 0.01322712136807546 0.02763235953951312 0.00679971440000646 0.04514804999583304 8.666709298490287e-05 0.009148024606363587
204 2040 0.01711966365300013 0 0 0.03062055484751423 0.027888650155352364 0.02853210680691036 0.016265402889161656 0.03343768966127359 0.007884391350450782 0.05845236366193984 9.592369916394788e-05 0.010111485314472554
205 2050 0.017358709066356198 0 0 0.03194042241674104 0.02878953031244256 0.029294704326749552 0.016494923280451906 0.03412508790573315 0.007931122189486097 0.058614531012395915 9.625117608419533e-05 0.010140881430019136
206 2060 0.017747560501632054 0 0 0.032924100803298884 0.02920972353450336 0.029961027808837592 0.017332933267923782 0.035502698385685046 0.008011541072008199 0.061368351997021835 9.474475600435344e-05 0.009910829125674077
207 2070 0.0201331895217954 0 0 0.039686597509537416 0.03511930984191431 0.03468564431555403 0.019655180310279387 0.04422684999687359 0.008985257661478618 0.07431272648784511 0.00010499941146461088 0.010887359450372463
208 2080 0.02249473132898453 0 0 0.046933320859015734 0.041649959932064856 0.039315389757247396 0.02239162798337652 0.05417463127351128 0.009975216076624297 0.08715302834240159 0.00011621944788828647 0.011939119654342151
209 2090 0.021253729312428436 0 0 0.044979268957196394 0.039562182112352004 0.03800091033377251 0.021805055240567917 0.05222719840619825 0.009568206857098761 0.08314184256146061 0.00010345008948571896 0.010550105582656226
210 2100 0.022013281311153755 0 0 0.04745620858664378 0.039952475558719835 0.04178016545415929 0.024554078649788865 0.05454484389246371 0.009962262400772944 0.09052203610086776 0.00010755655060265802 0.01030186648975178
211 2110 0.023128150368826223 0 0 0.053031543585812156 0.04366407004452287 0.04784183453923799 0.02719059180754889 0.058330739204169715 0.010593825085867948 0.09908126287979524 0.00011104117699187444 0.010902985629528109
212 2120 0.023720488753522926 0 0 0.05659811794357524 0.04537246290710108 0.05190358670524153 0.028933691897656006 0.0613607151336981 0.011069281847367076 0.10672299680365749 0.00010926122715014496 0.01088922592020294
213 2130 0.022891429908596005 0 0 0.056240435883852635 0.04534097080212803 0.051191651158910036 0.028022300689899683 0.059578271796810946 0.010603770054662605 0.10270805307881858 9.995614407619268e-05 0.010134019573584573
214 2140 0.025170116550323758 0 0 0.06618644130855197 0.05332804855518394 0.059668529355311646 0.03184114947035552 0.06812001942232103 0.012058255772865789 0.1176346393455063 0.00011508852768084591 0.011067934210496731
215 2150 0.027283237389720657 0 0 0.07541101604482779 0.06143312398463215 0.06838238879393158 0.035340834117632156 0.0754676189645652 0.013352499510206551 0.12742510561284393 0.00012602196121737735 0.011888369186593256
216 2160 0.028371663609058316 0 0 0.08221130991731748 0.06797565823327087 0.07336771965643121 0.03727562183062833 0.08145239030829658 0.014092884893057031 0.1340242479759636 0.00013078367920932128 0.011807251370877176
217 2170 0.0269590155645629 0 0 0.07812402501487614 0.0652018856186225 0.06911127055107008 0.03495373227565119 0.0770592511890136 0.01345110164142591 0.12569520051264252 0.00012262778826426017 0.01100827871371352
218 2180 0.026712284158944676 0 0 0.0761027456389205 0.06371014435357801 0.06779748061688863 0.03455281565683733 0.07344869959637391 0.01370865222905578 0.12135034318026885 0.000119442709501963 0.010775884083861206
219 2190 0.025413222606396578 0 0 0.07351577246705816 0.06175878405850208 0.06456324876934366 0.032649512113932445 0.06984879997405238 0.012873061364328649 0.114611190276112 0.00011412104970041768 0.01039948188625069
220 2200 0.026486083774027527 0 0 0.07813607109406709 0.06752756976102206 0.06746787866730611 0.03349015432264692 0.07164273290289434 0.013337465424964402 0.11649406298554268 0.00011887597585433744 0.010857363488013779
221 2210 0.029723268188111922 0 0 0.09623504985326543 0.08402752018193352 0.08061459372321018 0.03816902599451733 0.0852416590071993 0.015652612166363013 0.13567714935198968 0.00013284250906554535 0.012150240762478967
222 2220 0.029016005147659167 0 0 0.09388428538848581 0.08152932396492213 0.07928260539501304 0.03801053602496102 0.08461637372977718 0.015358282839345315 0.13404047902522417 0.00012497506513345426 0.011453179127141245
223 2230 0.027028280210437457 0 0 0.08674698553899005 0.07581129469224748 0.07331246682802788 0.035952819018700816 0.07880107216010204 0.014187201064459563 0.1237613538558303 0.00011155970945229148 0.010436623473099607
224 2240 0.027885167477756247 0 0 0.09299984439294712 0.08343903572622346 0.07644620978251822 0.03633684472474397 0.08353722567010739 0.01415109588874986 0.12609943071068028 0.00011866414236536556 0.01057785582505743
225 2250 0.0316875839191952 0 0 0.11324416398530583 0.10258685527247001 0.0877500655388344 0.04048824720884436 0.09976261378107253 0.015933724963539113 0.14636417071135813 0.00013513643377817278 0.011483975524025166
226 2260 0.037399336146467434 0 0 0.13542280083857372 0.12387908029045153 0.10279782996393956 0.0475377480436675 0.11861555217012167 0.018709334292968165 0.17081279750936815 0.00015967106893781063 0.013322918717173188
227 2270 0.0434037329181758 0 0 0.1633291385878715 0.14976317044824616 0.12270050450457687 0.0539842674764785 0.14128815734412128 0.02150150663430155 0.19711693233518487 0.00018180544207695165 0.015062938652064489
228 2280 0.045115238667538284 0 0 0.17431087641319437 0.15951173873440433 0.12931135426081275 0.056165726425677465 0.14903885458395405 0.022424226523603846 0.20540567721372954 0.0001919439288135243 0.015746840933205622
229 2290 0.04751507316102462 0 0 0.18933946449147399 0.17116001123250044 0.13709222196389154 0.05778307208556482 0.1590092510591732 0.023659620871440874 0.2175067980296448 0.0002025027224552606 0.016621670281524985
230 2300 0.05288758806176075 0 0 0.23213929285091256 0.20993912902507564 0.16108608844587022 0.06422061059001609 0.19154149195512285 0.025607413801043904 0.2521533340248923 0.0002351235674665255 0.018611670408835535
231 2310 0.05817720994220471 0 0 0.2741641993579094 0.24809327913079493 0.18715162396747936 0.07133191837165286 0.22526485244868072 0.02843902471281519 0.28429579208020245 0.00026645991165557425 0.019814975151903558
232 2320 0.06667606514776458 0 0 0.34157785551042286 0.30812333815466203 0.23162349934046314 0.0822486209040603 0.275756765549314 0.032137522323492713 0.33498119892745204 0.000334396529975031 0.022935038740655594
233 2330 0.07534685139423225 0 0 0.412352384204523 0.36976446953667447 0.2774075080636611 0.09437021990212204 0.3341323544674219 0.036204892443478624 0.38750920267484507 0.0003961546453911711 0.02631845592042292
234 2340 0.0902432221227865 0 0 0.4995498412487761 0.447118461647805 0.3359886259643298 0.11473015191889857 0.4078516398999112 0.04362719751127201 0.46115335779442435 0.00048040271714309746 0.031031329146646722
235 2350 0.10526936130760264 0 0 0.5894520877442201 0.527205255704199 0.3942413388525406 0.1343381913334609 0.4862760223474203 0.05096592900039761 0.5443815348071647 0.0005607314202238642 0.03499522650465389
236 2360 0.11865447463936099 0 0 0.6773227790130596 0.606386379354866 0.4490598903325412 0.14966601971393484 0.5585977723582514 0.056769737059479165 0.6114145129005325 0.0006393728807637695 0.039674061610244664
237 2370 0.1234463171481072 0 0 0.6576125309621236 0.589288560055771 0.44172897352615903 0.1524035815478404 0.5353490286299912 0.05817913297375701 0.6106363512681517 0.0006329776850194998 0.04080661352872918
238 2380 0.11416381558272712 0 0 0.6058674579612928 0.5432551758955528 0.4048830425888236 0.14060611362270334 0.49303292809541854 0.054820172971845285 0.5647078989133764 0.0005763246506685525 0.0360624138261815
239 2390 0.10932888872244623 0 0 0.5541456156458361 0.49773362684999134 0.3697283344987113 0.1323357404459691 0.44723645156965597 0.05307772517692968 0.5190114097199512 0.0005278747694710535 0.03344727289035047
240 2400 0.09970446888511987 0 0 0.508948291652143 0.45712186921542936 0.3364867967942995 0.11879780270430165 0.4109801570057019 0.047141901373514074 0.4749297440496635 0.00047573578062316824 0.028685799407540662
241 2410 0.0995402042223137 0 0 0.5064701466643049 0.45300000706297233 0.33464957509202214 0.1190073957134303 0.4046589206947812 0.04599347298203747 0.4800749947291698 0.00046969746850890256 0.02732895925185055
242 2420 0.10180024651810064 0 0 0.5157717256701595 0.4645113759083738 0.33888414877182554 0.12280457802184172 0.40999904364222467 0.04728221454977097 0.485812684580587 0.0004862457753518971 0.028346261726068894
243 2430 0.1119893884062005 0 0 0.6149728240630352 0.5613930060564202 0.39349620107061345 0.13607014686423924 0.47850070197369116 0.05159693757609643 0.5530313559698594 0.0005837880552617843 0.03328199982907898
244 2440 0.1117657104944186 0 0 0.6144748284172583 0.5618673844114785 0.3924883716108647 0.13640019669762715 0.47434807512975474 0.05057672726536202 0.5542805272453131 0.0005897018466513582 0.0332258379878089
245 2450 0.11006144847472207 0 0 0.6132912913178185 0.5629250589404604 0.3886363498425817 0.13116358978114553 0.4665909162241638 0.04901186166189009 0.5452031574138562 0.0005808330555125187 0.03268509776102387
246 2460 0.11252143305077364 0 0 0.6202607191641436 0.5687646583603319 0.3933251166329067 0.13355555066831626 0.47530805585836233 0.049787009569314936 0.5585588111086879 0.0005899631486263711 0.03309329181400783
247 2470 0.11867838958923035 0 0 0.6608725645497909 0.6035663831786298 0.42308927695066545 0.14700525680321438 0.5024196558319423 0.054425806374970236 0.6150569364480253 0.0006370028331546866 0.03539041644438824
248 2480 0.12331355722393912 0 0 0.7007299711706818 0.6325315628237186 0.45798247230732364 0.16208442333367937 0.5259894708040367 0.05962160993481104 0.6759076030694022 0.0006708325203525516 0.03667143709911219
249 2490 0.12410291573940847 0 0 0.6976425635866766 0.6293757459370809 0.45956273017975025 0.16434864140444064 0.5274095730403416 0.06015556871778417 0.6864339473352477 0.0006607277855722747 0.03537256577545058
250 2500 0.11985406659956813 0 0 0.6565158462473332 0.5971465960307054 0.42623586814366266 0.15795958118216433 0.49080324235896083 0.05701490640510747 0.6386065109254013 0.0006193863938464086 0.03297540441098864
251 2510 0.12508256381039043 0 0 0.6888174328394725 0.6264112371374551 0.4454451342988996 0.16606224315617135 0.5148977779184474 0.06093766921601446 0.6714209193935186 0.000644844058627751 0.034195398296479676
252 2520 0.11853430948629776 0 0 0.6536670907964878 0.5958355006046265 0.4205753286427625 0.1557359145741349 0.4910328526172686 0.057890604324437205 0.6382912012803228 0.0005980810776346517 0.03206461680650425
253 2530 0.1233127562435933 0 0 0.6635512444668676 0.5966568311279861 0.4336861634973216 0.16453875863281603 0.486522757195204 0.05844534822287811 0.6820432750839124 0.0006136472754837112 0.03239901664439305
254 2540 0.12476502536633907 0 0 0.6748248255398089 0.604136618242161 0.44299167337400897 0.16704915200041928 0.49371223992181745 0.05829240348100257 0.6953285259035957 0.0006248637202426062 0.0325001743106278
255 2550 0.10836805855496445 0 0 0.5824121380573264 0.5219051149076935 0.38103379738991383 0.14428063405962463 0.42240260724300205 0.05043165468273145 0.6022565256632719 0.0005297163743784994 0.027306292656114974
256 2560 0.10091904737324742 0 0 0.5386858607835214 0.48469357438020994 0.35016882951645933 0.1334819124003304 0.394439775105308 0.046866910664815034 0.544568002070786 0.0004939860588121766 0.025463884120769786
257 2570 0.09336621162472249 0 0 0.49172014887482 0.44178120541878113 0.3211632729923757 0.12617093637842852 0.35871049646033976 0.04411707301542367 0.5100867871247714 0.00044617870604520373 0.022442683919078985
258 2580 0.08232378688948452 0 0 0.43035692179464263 0.38650080362970063 0.2811361821986432 0.10959046864876827 0.3155914460853829 0.03898467009847074 0.44820398384713755 0.0003894110034555085 0.019131705803945142
259 2590 0.07695766078437402 0 0 0.39724334594653815 0.3578897414543947 0.2610413166509925 0.1021814400297596 0.29230214783333014 0.036942525180288115 0.4096529543360782 0.00035703013162614064 0.017547275778480753
260 2600 0.06957833092140675 0 0 0.3576684198097901 0.32066693002482194 0.23605288939331562 0.09344598700666583 0.26296134210957467 0.033044284358890945 0.3683368939579602 0.0003211747325545726 0.015547240883739287
261 2610 0.06895082539735668 0 0 0.3559219438797681 0.31773565792858954 0.23607545075548386 0.0929508817868632 0.26004906876510697 0.032388335130061834 0.36602351092783775 0.00031379865736194136 0.014800588429930737
262 2620 0.06466918194375602 0 0 0.3429541107417095 0.3028524945971302 0.23222671108526668 0.09176149927695769 0.2544959689455286 0.031368533140462666 0.3717215882861996 0.0003001306599921168 0.01376264122256917
263 2630 0.0598492930442583 0 0 0.3221331884156363 0.28378409033794993 0.21765700303784494 0.08490335348765285 0.2364583566742209 0.02911224285757573 0.3483303612000611 0.0002830687902841695 0.0128196160404478
264 2640 0.05662747015043233 0 0 0.30413942614112865 0.26805727088276937 0.20732926992397085 0.08125181924162878 0.21984050093156876 0.028201098211151975 0.3285256795705487 0.0002660582709539798 0.012150510054309652
265 2650 0.0532799046967004 0 0 0.2842363143576275 0.25082119116402796 0.194824795972073 0.07706468919103182 0.20503440178940502 0.02620128814845027 0.30778827263582187 0.0002484865308470002 0.011316341866896978
266 2660 0.05083190100145314 0 0 0.2674841965439027 0.23652725322941903 0.18310444539492993 0.07438498715488527 0.19393505405815553 0.025946222126164018 0.2912819363198509 0.0002336027635733792 0.010697164909654689
267 2670 0.04780000356184005 0 0 0.24085925790734322 0.21372890628733218 0.16541583734046858 0.06961337155783666 0.17358163868448398 0.02438513723034865 0.26643340512131664 0.0002110803736386796 0.009387103202828226
268 2680 0.04289032489511749 0 0 0.21263933869705282 0.18689527824555127 0.14887516557614475 0.06479897533724566 0.1521738391329556 0.022372856501785766 0.24126749412452939 0.000185157550045129 0.008215137895557228
269 2690 0.04183579598532093 0 0 0.19947484570667384 0.17554698405399816 0.14078299811695805 0.06227447427664574 0.14404381808519498 0.021816524405611586 0.22606942318554635 0.00017406988150938074 0.007832322738360938
270 2700 0.03919500810092475 0 0 0.18700246477468424 0.16458147772265222 0.13303792999797803 0.058399707291970686 0.13673729123846146 0.020482654226286104 0.21310447509724592 0.00016337904707420603 0.007353471822585583
271 2710 0.0352491996289941 0 0 0.16668986572645544 0.14598662524540584 0.11892686442024443 0.05288464863435862 0.12193088350903201 0.018446633026928234 0.1919796596744524 0.00014664711505062053 0.006587450965704094
272 2720 0.033538420973189695 0 0 0.15268090492833583 0.1341597051119041 0.10820690320198066 0.05022673734384641 0.11112478141880369 0.017679432798167066 0.17543675155553473 0.00013395461082859494 0.00599821902371673
273 2730 0.032652932815707296 0 0 0.14960749668399176 0.1323253708312899 0.10524988513224784 0.04827253478798113 0.10919600723490201 0.016993520457939646 0.17061644744639762 0.0001316479103839393 0.00585679253992508
274 2740 0.031584943665824976 0 0 0.14374830514974196 0.12746024832011538 0.10059340764494554 0.045680729259142336 0.10492730956916846 0.016312902120060153 0.1619431317871594 0.00012697905776771077 0.00565084242047062
275 2750 0.030492975036369066 0 0 0.13516762172566205 0.12045818535818485 0.09617200551548488 0.045053442183493636 0.10073358822577212 0.015986797819041092 0.153874110078607 0.00011980982906424284 0.005336498491067985
276 2760 0.028389631428280708 0 0 0.12457788285932568 0.11111168179546559 0.0879501428979811 0.04142798762277955 0.09300573699399325 0.014669740067949317 0.14276829740235275 0.00010997140671095744 0.004853399904941595
277 2770 0.02667161773701393 0 0 0.11304569118533589 0.10114136617598121 0.0809946567090466 0.03952600626975088 0.08477248312704269 0.013812245176034096 0.13222797209571266 0.00010061248471418019 0.004414608763252556
278 2780 0.02447264460502943 0 0 0.1020468232134236 0.09117006634047405 0.07430245026476386 0.03663597623544046 0.07782518116198213 0.012791000755845819 0.12137116468552016 8.864575145800054e-05 0.0038764444636166613
279 2790 0.021712093135685163 0 0 0.08860048307949432 0.07959626935002394 0.064665560680052 0.03238390880513625 0.06798465697736929 0.011568439767005332 0.1067699725751052 7.682388687751086e-05 0.0033048735955273655
280 2800 0.021224944811653573 0 0 0.08445710054754525 0.07521316700861205 0.06219221090811507 0.03176537665688184 0.06491671192355451 0.011709576514886024 0.10513452948703192 7.36322633456048e-05 0.0032116506025302257
281 2810 0.020421175287424334 0 0 0.0820924938422475 0.07254043979784368 0.06144578472790827 0.0311230289002349 0.06265455824936185 0.011742613609076346 0.1034443829076222 6.975709892923578e-05 0.0030053238877344305
282 2820 0.018470003305602934 0 0 0.07469136329708158 0.06562619868992371 0.05620305444243323 0.0284949757136926 0.056460549277690626 0.0107157179450385 0.09444679070566826 6.307344773613727e-05 0.0026724167371999243
283 2830 0.017939066267956983 0 0 0.07024568574506299 0.06213953032957528 0.05212897773218158 0.026247679416044715 0.052584036642127574 0.009865522250061733 0.08743275386812835 6.0289585208222625e-05 0.0025258390687397467
284 2840 0.01663779509648494 0 0 0.06291713791227825 0.055540273589942006 0.04727061571370512 0.024400971359630576 0.04696936499358477 0.009092357245919907 0.08053817852903584 5.412057058527212e-05 0.0023179295701132633
285 2850 0.01440213429807688 0 0 0.05305358257983059 0.04723273665530428 0.03941650699133559 0.02050977574912085 0.03920578114940267 0.007563164023488243 0.0669718897161533 4.590914020373885e-05 0.001960010105142955
286 2860 0.01269466796072547 0 0 0.04527683833830575 0.04004223068676655 0.034101174055220604 0.018066763865798873 0.034300193637077626 0.006636700739313924 0.05780889252481721 3.865067657553152e-05 0.0016839842204932102
287 2870 0.011276928683223846 0 0 0.03986945805040518 0.03546368608736238 0.030163270188118492 0.015966239629455974 0.032171354232303606 0.005950038058999068 0.05070277866610582 3.3707865770261134e-05 0.0014611678163212328
288 2880 0.010167960974708805 0 0 0.03568816162686893 0.03203910890905511 0.026662816472806807 0.013846398979647656 0.02871452777730057 0.005305023239037323 0.04476878305329398 3.0188075024232405e-05 0.0013109395054718904
289 2890 0.009750074868935617 0 0 0.034197464083766865 0.030342050676401153 0.025890461414510124 0.01338818479925599 0.027713515650520035 0.005079438034630607 0.042819214128217174 2.8795943270066752e-05 0.0012614172248385123
290 2900 0.009817239937857958 0 0 0.03313637301599968 0.029137284941582006 0.025749895657815842 0.013630233231392196 0.027860345991177943 0.005106407384100019 0.042716280780032055 2.8082096530484452e-05 0.0012358665238847819
291 2910 0.009788810299021856 0 0 0.03179437952971921 0.028336411481566043 0.025023506032745238 0.013512735658349638 0.027206740373326613 0.005029233659563692 0.04134102245122196 2.709968243455397e-05 0.0011898364390230999
292 2920 0.009851670349323386 0 0 0.03194823037223763 0.028832748882399322 0.024738600213235665 0.013404447555985034 0.02720787481694157 0.004979431700950013 0.04075761500091574 2.7242050189031297e-05 0.001213940145379775
293 2930 0.011084307498931797 0 0 0.03584961806818662 0.03243493375709302 0.027869647572604683 0.015414831353078738 0.03113692544682351 0.005627302504372013 0.04645548698668621 3.0380163325966803e-05 0.001333066161358306
294 2940 0.010868020504309371 0 0 0.03482715437228774 0.031346416256420706 0.028124765558451992 0.01586433467870657 0.030432325939746176 0.005813524656937036 0.047654055538812565 2.9562332191246288e-05 0.001294595657117411
295 2950 0.010512306396011513 0 0 0.03277616910515874 0.02922420306698497 0.02687727303450066 0.015533366597014786 0.02922926759039 0.005909735831087854 0.046654055196305694 2.780662316013684e-05 0.0012539240145940775
296 2960 0.009739004942574342 0 0 0.03036972863688887 0.02715203457775011 0.02463002346386718 0.01415860558472612 0.02696571466454947 0.005410242737117647 0.04297851459158797 2.5439337344962394e-05 0.0011404863271528068
297 2970 0.008752255383539628 0 0 0.026904058967060846 0.02428691668393575 0.021316353997830384 0.012125959745908674 0.023696348050363934 0.00474734994330923 0.0371526945995433 2.2463919288956974e-05 0.0010096332377998922
298 2980 0.008719604039076378 0 0 0.027501485391097435 0.02378569374354585 0.022916832460513015 0.012922708567421892 0.02362888722554282 0.004951184564913741 0.03933962590030596 2.270183645506762e-05 0.0010016034774886326
299 2990 0.00796924988950529 0 0 0.02481394568932254 0.02155806833450525 0.020818321838246362 0.0117523229385829 0.02154346079776021 0.0045436221242184 0.03609037696150778 2.015924684141021e-05 0.0008962215929676089
300 3000 0.00790481027273822 0 0 0.024697302383135708 0.021249010811336417 0.020992252082419595 0.011779912350312128 0.02222115440943246 0.004469876854525486 0.035411238318143176 2.0110664693056247e-05 0.0008859005136423782
301 3010 0.007296351896934105 0 0 0.022720258323325974 0.019504925386825602 0.01921301529721338 0.01073023990226975 0.02052395595741669 0.004073097857437962 0.032284311197335 1.8470990292634558e-05 0.0008100436955636747
302 3020 0.006441347393176491 0 0 0.019666953745927664 0.017056861244439395 0.016792181201154836 0.009300039861786024 0.017756526240632117 0.003672794388337846 0.028435670375437958 1.596100802618702e-05 0.0006874761368900087
303 3030 0.005659249502235828 0 0 0.016947610869166938 0.014670744846784716 0.014534209440457198 0.008069144385789064 0.01537789694948098 0.0032005964431034706 0.024516996617313658 1.3669111928221585e-05 0.0005845929180674066
304 3040 0.005418973895872057 0 0 0.016055353281331917 0.013849472949798493 0.014085833153694941 0.00775952318718511 0.014663415965408119 0.0030654126559751583 0.023561881515690823 1.2832177871255956e-05 0.000552309060293105
305 3050 0.005076537236178593 0 0 0.015324030214614075 0.013080084374273602 0.013764509512716015 0.007391467069073802 0.013894397631244474 0.0029038206503321415 0.022862106940561424 1.2192985426960402e-05 0.0005204239179058194
306 3060 0.0047535847730571885 0 0 0.014021966482949257 0.011927329556017826 0.012678600228974938 0.006811384356031395 0.012843983742958937 0.0026502699636456795 0.021150871238733326 1.1038472157257002e-05 0.0004762191310652107
307 3070 0.004778650950597204 0 0 0.013470259979843155 0.011231454347576187 0.012616490126099462 0.006871809547596453 0.013525910767819803 0.002657589194588238 0.021050788247902606 1.053864210682746e-05 0.0004529715879955742
308 3080 0.004476404988970546 0 0 0.01233789642269358 0.010272714829441075 0.011716564704094531 0.0064430644548991774 0.012567263574614426 0.002490749117719822 0.01977513716657832 9.545303763350166e-06 0.00040825201465246805
309 3090 0.0043650218080458335 0 0 0.011052235718922575 0.009276529397292435 0.010745603703022613 0.006162499423637605 0.012309649708402733 0.002397564724914668 0.018600173171312094 8.74898964485957e-06 0.0003847609292468697
310 3100 0.00401371631346605 0 0 0.009688269761726775 0.008133373020009329 0.009441339134489643 0.00553902645972112 0.011431697516881941 0.002103877594898982 0.01630826466633788 7.737541423602599e-06 0.00033637370168432257
311 3110 0.0038308263413399223 0 0 0.009062896864641725 0.007714889816305016 0.008837909719491102 0.005184680035819274 0.010580328338358843 0.0019885852296513936 0.015514253273007572 7.264566446810204e-06 0.00031542483719987417
312 3120 0.003572576108135014 0 0 0.008272268214194923 0.006948715403694085 0.008368643569481624 0.00500552968064606 0.009360633130060232 0.0018716156087087922 0.014916025214328874 6.612881959414639e-06 0.0002895452542409385
313 3130 0.0032468706738313013 0 0 0.007478033610937516 0.006339476434390589 0.007465253303754588 0.004496692487245171 0.008521051106350446 0.0016771670594137851 0.013510167211111389 6.0313868611354855e-06 0.0002648543402804833
314 3140 0.003099175957865781 0 0 0.006908504513054479 0.005732411004989251 0.007107338057148273 0.004261538404561406 0.00799707203385894 0.0015779667134336883 0.012791520305808858 5.59178043871101e-06 0.00025097405699131694
315 3150 0.002794918300452456 0 0 0.006222199179378037 0.005194057608018041 0.006316103039760444 0.003787835590928839 0.006837790521344404 0.0014060203241921408 0.011412476138419891 4.996803017024657e-06 0.00022094577509487227
316 3160 0.0026538671438505333 0 0 0.0059756129411166195 0.004959419926520032 0.006072530874741463 0.003584088158805138 0.006418999242686163 0.0013464952683225695 0.010818156223340751 4.757370928003623e-06 0.0002115788406365793
317 3170 0.002426102044476636 0 0 0.00543849568270674 0.004434623244370747 0.005658995758638382 0.0033626974242540004 0.005856892229483212 0.001296376844610537 0.010164985025161931 4.2733061536036355e-06 0.0001892285395226754
318 3180 0.0025655919327739057 0 0 0.005428775758785604 0.00449327469036578 0.005881230175947567 0.003690401831146291 0.006130005380199048 0.0014707335710745892 0.010861054290518321 4.3455725805880564e-06 0.00019678526252633942
319 3190 0.002589097476359582 0 0 0.005210212748078554 0.004251957686097015 0.005898921696087964 0.003782383696008474 0.006209980352302325 0.0015465268363741317 0.011028330661548885 4.158178923892571e-06 0.00018948112516059166
320 3200 0.0026429812993595063 0 0 0.005168564561087094 0.004185441729406549 0.006229392827493043 0.004054375583860856 0.006255703284395003 0.0016642268408751154 0.011772587989753927 4.109461613673819e-06 0.0001908087098734445
321 3210 0.0025110899639835954 0 0 0.0048757023949309065 0.003965142599318083 0.005790314711668209 0.0037460884724404356 0.006196161524594774 0.0015386721405205048 0.010915151155522244 3.922699622683514e-06 0.00018072434681838608
322 3220 0.0023938187572550276 0 0 0.004694781795104688 0.0038436109533289114 0.005547280606621723 0.0035823834447703566 0.005999865921754267 0.0014735169989858082 0.010418103211965369 3.7062905590011004e-06 0.0001670632284253227
323 3230 0.002346454020541601 0 0 0.004564361939602436 0.0037633250430985617 0.005460313893804236 0.0035934380784997375 0.005845142173461231 0.0014648699196011987 0.010277473680198424 3.587146476956917e-06 0.00016340501665627522
324 3240 0.0022213654657210822 0 0 0.0041424945457655005 0.0033660406911419005 0.005131152334702475 0.0034442175696999967 0.005562505838668477 0.0013866994244672265 0.009677403239110986 3.2106464677800728e-06 0.00014808234169945265
