% # columns="iteration, evaluation, void, void, void, xmean", seed=617773, Tue Jul  6 15:34:05 2021, <python>{}</python> # scaling_of_variables: 1, typical_x: 0
1 10 0 0 0 0.3803256990447481 -0.02615180741302084 4996.011737220184 -0.980670238490899 4996.279399054286 0.5137877025045812 2498.658351242003 0.09688776843001405 1.7082484191176543
2 20 0 0 0 1.1313856416142551 -0.8792144296734865 4996.09651481948 -1.181867970868056 4996.55331997698 0.5933021514621528 2497.2980445789194 0.6362666641163301 2.375140779502894
3 30 0 0 0 0.9998239299116812 -0.5254309584292721 4996.534689947062 -1.5866556178943574 4996.602891941639 0.6069793288362357 2497.9740113797047 0.6563396732709922 2.11082941972186
4 40 0 0 0 0.40358615182880286 0.11352175643016893 4996.509979706 -1.4429032674088378 4996.141897349387 0.6287521392006796 2498.235911619769 0.9199149677270969 1.853160340378725
5 50 0 0 0 0.3256016591938823 0.8438305276049219 4995.996619303185 -1.7760344091990539 4996.321819128567 0.6123927642130301 2498.043900441673 0.053306193487369424 1.6016163589966956
6 60 0 0 0 0.6213919538179997 1.0824502218468317 4995.521787666164 -2.456787939577624 4996.80267968584 0.9141565019083779 2498.0550189138385 -0.34248713274699927 1.3515817452322145
7 70 0 0 0 1.0449648492613555 0.6855564673057467 4995.957254216601 -2.6900814330758736 4995.90195533415 1.3600493476132984 2498.624045153383 -0.3550305519036855 2.0433665990943197
8 80 0 0 0 1.0946205969502603 0.6612384983717883 4995.561365764291 -2.519455820991446 4996.0867365449885 1.010618332891739 2499.075428992616 -0.42175562353873597 2.200240792941964
9 90 0 0 0 1.2135894938577103 0.12969632857775615 4995.865809914783 -2.0610982882395508 4995.8411371595 1.121888495620816 2499.6304099306076 -0.4881502562973496 1.9189606634999024
10 100 0 0 0 1.577378933800213 0.030254920845367683 4995.369781173689 -2.3646379037426377 4996.128031983653 1.2577109052663087 2499.881792065167 -0.6443757850078381 1.9191291377433415
11 110 0 0 0 1.671224977663662 0.0886351520625744 4995.8001772022035 -2.375204431087618 4995.816151791399 1.3983218648229743 2499.745521460713 -0.8445676918658341 2.274948751379755
12 120 0 0 0 1.95830194782639 -0.32984028824846945 4995.4766655791345 -2.648347410898767 4996.0806956205715 1.2738789564419275 2500.0314737525005 -0.36229716078381896 2.1591201296889553
13 130 0 0 0 1.8083962697333282 -0.46398140703390695 4995.575447936214 -2.562186473127325 4996.388385815773 1.1715375357506495 2499.8728058720485 0.1364220721432628 2.5986910986133207
14 140 0 0 0 2.312020567709248 -1.3370378205929863 4995.432026125058 -2.7622037319129955 4996.563160510224 1.2463829601258047 2499.2234281715614 0.5831463318030945 2.6176747502573607
15 150 0 0 0 2.7441303536023582 -1.0696880419882207 4995.313849587716 -2.577771367062789 4996.638559731326 0.8879844421632902 2499.534248734222 0.062410819530132944 2.51082473307122
16 160 0 0 0 2.563314415389724 -1.0880874366394089 4995.461221623726 -2.4209987596921843 4997.622591584071 0.9897759218175258 2499.081854358136 -0.1065221073364325 2.538842055721295
17 170 0 0 0 2.0728216747790476 -0.769550727452243 4995.741907944632 -2.2971032057815566 4997.027389975826 0.8902112163975806 2499.599178806961 0.2090822184445116 2.3838026066316895
18 180 0 0 0 1.8901944592927424 -0.3128612397154477 4995.298616919885 -2.464492704523982 4996.963029222048 0.8069967735250153 2499.992621563218 0.22699798170158442 2.3850651815875814
19 190 0 0 0 1.6103670540563677 0.12884493248569212 4995.65334911106 -2.852374826093465 4996.8249976785255 0.9037346947745458 2499.984516850138 0.3190698343988062 2.228367553505216
20 200 0 0 0 1.3000810969524572 0.5902756989778584 4995.935941157682 -2.798587400559639 4996.187066146498 0.9034256563784349 2500.3461198058044 0.053657276228648576 2.0002735715183597
21 210 0 0 0 1.4041563076232877 0.3772362891892086 4995.685312159035 -2.6765839982985975 4996.355394156577 1.046600587510163 2500.1982874519717 -0.29266275381274465 2.3367024737443325
22 220 0 0 0 1.6349986356843795 0.5044717525689875 4995.713655910851 -2.6278591490815852 4995.850346217844 0.5792826871417549 2500.404917673131 -0.14140430192550013 1.997636694011976
23 230 0 0 0 1.5289277110727992 0.665682592346666 4995.480946878056 -2.642248300625253 4995.914725376097 0.5529749113096862 2500.2466283466783 -0.08442405374165099 2.321343299298557
24 240 0 0 0 1.4369823661972498 0.9925473553960654 4996.1598744513085 -2.8237584667440263 4995.469038055254 0.39298454472483296 2500.8102642131576 0.07637078907250136 1.883376705759159
25 250 0 0 0 1.5899035372214074 0.8371887153974722 4996.177619652606 -2.729287941185899 4995.379517774711 0.44040536691565874 2500.921626381165 -0.04134725338895834 1.7034512526811907
26 260 0 0 0 1.3350139688254516 0.842491071702831 4996.391844069589 -2.5997389992288893 4995.133133308234 0.33580302183060023 2500.8896111769095 0.15031779499531248 1.6874847109989217
27 270 0 0 0 1.1546712443631626 0.6398605387338149 4996.874929489856 -2.313010387785012 4995.295553633472 0.41978228911683463 2500.364536587677 0.1481378745875907 1.4588696359736069
28 280 0 0 0 1.4765606720279063 0.7925297060649494 4996.9390408062545 -2.6135472345837414 4995.601685680995 0.2284099830243895 2500.9196008947943 0.18199236776345565 1.2063483375040744
29 290 0 0 0 1.0750180897135044 1.2694553120700833 4996.811146704219 -2.6587301834259565 4995.646726687979 0.3219301322041787 2501.2295660567725 0.013734870271662342 0.9402178486606231
30 300 0 0 0 1.002751300921131 1.2667778274232364 4996.694617544071 -2.625490892262415 4995.6458101309 0.42186376660798497 2501.6208805906667 -0.04126089917425812 1.1592713915884247
31 310 0 0 0 1.2715306732689007 1.0695165511777323 4996.631185306741 -2.64678219102726 4995.687336414333 0.3492201325472887 2501.5364742041716 -0.1586086686416742 0.9709328255643852
32 320 0 0 0 1.4683640458336686 0.8954958127323182 4996.946948184971 -2.450166324958761 4995.733968032079 0.04148600681658532 2501.116615149721 0.06482010607736158 1.0447459751087185
33 330 0 0 0 1.7371843419954163 0.7110106557173778 4996.804977697058 -2.4374485678165287 4995.914914493263 0.011601147415829842 2501.0683790603703 0.042211489188525124 1.0275953641305509
34 340 0 0 0 1.8496244852426293 0.8410752096473034 4996.830945000455 -2.5744319510714773 4995.913772211409 -0.09090441763691401 2500.954273534002 0.003012348029358382 1.2423065878339983
35 350 0 0 0 2.0708271959538824 0.7642955433429446 4996.468062334267 -2.7135380365311 4995.788272557444 -0.04719741023380324 2501.230768844198 -0.11652761162597838 1.5853049808671795
36 360 0 0 0 1.923871667505034 0.6924641885710203 4996.637261881681 -2.566100387778855 4995.773709232438 0.10483044609879738 2500.788779091209 -0.1424401438383293 1.5221398673551325
37 370 0 0 0 1.6283214471596403 0.8954982953902911 4996.861500345134 -2.584220836768991 4995.675669290407 0.07969785262073419 2500.7466152937527 -0.004235736249228211 1.5015831740596588
38 380 0 0 0 1.6753810097938238 0.9721652812819499 4996.901807001005 -2.6175979599221355 4995.397688731098 -0.039525969303310635 2501.0704142878726 0.0823723031405163 1.6325808131868227
39 390 0 0 0 2.040924015188908 0.7104452757658277 4996.594979336732 -2.7294164199642545 4995.4584049793875 -0.0708963735015321 2500.6929401427174 0.10157328043606928 1.9864107083453955
40 400 0 0 0 2.0857664572622805 0.6433575610476033 4996.334726945131 -2.7091087293724607 4995.760368903805 0.0206081933202982 2500.49664907364 0.02431738466342738 2.2318714799113257
41 410 0 0 0 2.174628560561318 0.1688906201974898 4996.214935923813 -2.3349515774193863 4996.145545578874 0.07611182446768357 2500.046860514615 0.03267932274655603 2.468109055490005
42 420 0 0 0 2.020908508021955 0.1756067921715128 4996.265770974545 -2.3014040293569664 4996.089623402789 0.17678714922439526 2499.9224321657885 -0.08698449255031004 2.59955349381493
43 430 0 0 0 1.9840024249347712 0.25690480914211894 4996.528232688633 -2.1862750987604196 4995.590433114842 -0.011045694709341886 2499.393894246862 -0.015863871627394027 2.8365708262385105
44 440 0 0 0 2.1969905064707973 0.11274680606024623 4996.202528972828 -2.2183055721989793 4995.340658245737 0.0797208066993112 2499.664883495927 -0.11787099247917475 2.674156894541721
45 450 0 0 0 2.6501435109165454 -0.0807296324734949 4996.441097818102 -2.3599596811356975 4995.586558505547 -0.06368552196794319 2499.8611723638173 -0.17077112401745165 2.821237583041102
46 460 0 0 0 2.941246422181366 -0.39933574237052744 4996.507166246133 -2.2888410614319876 4995.7685069887575 -0.1848066661949867 2500.1431287995974 -0.060521151658088385 2.803039730785993
47 470 0 0 0 2.890511464521076 -0.0847655459090782 4996.544625510468 -2.3720860927202736 4995.908191612672 -0.4211156443547864 2500.6389330689985 -0.014858208011852087 2.3875269181969005
48 480 0 0 0 3.0357565742013843 -0.19918721671470127 4996.390426465001 -2.396813080787193 4995.992940711007 -0.3155246614608224 2500.7472913315637 -0.15013445267045594 2.176540568531993
49 490 0 0 0 3.0075492583101897 -0.22596430150840208 4996.701925749544 -2.226952304600146 4996.253543957292 -0.5624720458288248 2501.1383508141653 -0.026977912475076637 1.6931548825786384
50 500 0 0 0 3.195067189067224 -0.48492915890853217 4996.585508066145 -2.0905441563130553 4996.07337360454 -0.6385795672053796 2500.410213740474 0.04793955902464597 1.7519270129368218
51 510 0 0 0 2.910476328793735 -0.3874911074009938 4996.759481922651 -1.9851085525590193 4996.099020360542 -0.5680970680030718 2500.032151693709 0.020038692979205783 1.9497551713221812
52 520 0 0 0 2.9829690343745985 -0.35409241088698645 4996.894427495743 -1.896795802748327 4996.1950714672 -0.7289129331082597 2500.2268581977423 0.03933874184659993 1.7890571205240684
53 530 0 0 0 2.9271550901139562 -0.06132542297593013 4996.712028003878 -2.1364246994707603 4996.155750805149 -0.7317431938611846 2500.4680312143682 0.038115505515069766 1.6534899499446656
54 540 0 0 0 3.113425546750658 -0.18937136143732605 4996.881563971047 -2.072124634220117 4996.277174603043 -0.8624074865834824 2500.3759476586415 0.03358964492992536 1.7075016854967209
55 550 0 0 0 3.0409299007518764 0.0493388789399265 4996.928486057826 -1.957640118507511 4996.239274890107 -1.1120233589490374 2500.1092519503636 -0.008140148336453462 1.571155241238852
56 560 0 0 0 3.010435624143801 0.08088910540266286 4996.890633967442 -1.9314341372324133 4996.460000502818 -1.0934894829263828 2499.9839951882323 -0.059960749322949376 1.6728200473150368
57 570 0 0 0 2.5966153103626106 0.16763618486648937 4996.975021784167 -1.6980021974164283 4996.696516524316 -1.0640217845910631 2499.9317139172003 0.017609061816692494 1.4160112053728173
58 580 0 0 0 2.535442271150796 0.3014203805470687 4996.86900686084 -1.6447341925237406 4996.849392404669 -1.235973840450792 2499.575867618251 0.09207867824951696 1.3573718511765736
59 590 0 0 0 2.960765935922393 -0.14382249166539746 4996.856533965433 -1.534143120379672 4997.332306628358 -1.2996802558638714 2499.1261201187926 0.0538371140591768 1.511481399264932
60 600 0 0 0 3.119889936227504 -0.10909235216862946 4996.53666519015 -1.5863881466376688 4997.2482377011875 -1.378556928203966 2498.3281203413485 -0.04333447702176393 1.7970507039189862
61 610 0 0 0 3.5009933571778187 -0.608513003986026 4996.4097435660315 -1.4916526132486676 4997.3782787015725 -1.3836767188366952 2498.2416452123407 -0.00955135746968628 2.0521730638685183
62 620 0 0 0 3.079781074498662 -0.20960622078920776 4996.6976977517315 -1.5280182657847043 4996.8529759433695 -1.3396001355251683 2498.7890979031326 0.022350220055614337 1.5760676897922388
63 630 0 0 0 3.122898782908187 -0.18898829879335222 4996.701310066601 -1.7196022442047008 4996.63432392952 -1.241338042931479 2498.6253501789656 0.06416609236845122 1.7420695527543095
64 640 0 0 0 3.462535584997402 -0.6316090185385383 4996.563540228244 -1.684600753293747 4996.814615465463 -1.1832386974529674 2498.6500985885777 0.09457773656538489 1.9580316305908039
65 650 0 0 0 3.4837446546674635 -0.7498347866946796 4996.421718102327 -1.7006005640900212 4996.93646140594 -1.0522595745239 2498.4571066663525 0.055617458956930065 2.332054994301434
66 660 0 0 0 2.8922622855981377 -0.11748616067564022 4996.571145278731 -1.9472769722731478 4996.546510892798 -0.8239283143365287 2498.949443134131 0.025267813305154187 1.9296151318852535
67 670 0 0 0 2.7554496058276334 0.04260786831424576 4996.906612704165 -1.9645579462007212 4996.719529889162 -0.8493755238356782 2499.128514512869 0.05423322145678238 1.7822740226378608
68 680 0 0 0 2.7424698300533716 0.19689349406746073 4997.118666743934 -2.0391551600854725 4996.923012329353 -0.9129180045420869 2499.054070156392 0.041103097194074005 1.599155134075175
69 690 0 0 0 2.6195738063853 0.4624370405322731 4997.391564560985 -2.180995380357131 4996.820983626013 -0.8908111454903275 2499.1499708836404 0.014175040208505432 1.388495587523474
70 700 0 0 0 2.877293188200518 0.10587586591989578 4997.008398069223 -2.0087701113132166 4996.952392176222 -0.9688642815789257 2498.6764454074228 0.010912007454788968 1.7616488737511777
71 710 0 0 0 3.0944749487669907 -0.12523085954531862 4996.827158760841 -1.7518836446180386 4997.233730836449 -1.2481898304147419 2498.228345578444 0.053459154634375436 1.97141054697508
72 720 0 0 0 3.0342829579552633 -0.013096746880644508 4996.953986195714 -1.8862058329974878 4996.928107087915 -1.1272088036179775 2498.1889659237168 0.019340991323922876 2.0126465372627753
73 730 0 0 0 2.866122367698667 -0.013831421128065345 4997.044653392922 -1.7741138217193944 4996.840944874758 -1.0771495881922437 2497.9120484857885 0.0391863693202889 2.1551185148089105
74 740 0 0 0 3.052907016189449 0.024845555193623144 4997.00443231835 -1.9566590635900083 4997.046711753364 -1.1132572291991187 2498.0340856206494 0.012751178681745932 2.2154234689596803
75 750 0 0 0 3.107243893502036 0.03482764788992942 4996.875501660904 -1.950825880680106 4997.45435372899 -1.1843936821741587 2497.71420362749 0.01952895690415239 2.3945774625923293
76 760 0 0 0 3.198053327820048 0.04826963602454651 4996.631838309817 -2.065588930352817 4997.773309112229 -1.1762417250234058 2498.1783207415388 0.016867138697629132 2.3291509872402805
77 770 0 0 0 3.1866238628163326 0.020337835482275975 4996.611524796386 -1.9370979343276649 4997.745319740341 -1.2672512566197034 2497.9136085763316 0.029746231545053133 2.2364667901010895
78 780 0 0 0 3.3193323154038765 0.010670835029355305 4996.511700431406 -2.0461815607887908 4997.635131650691 -1.2811987059648462 2498.0213067123354 0.026967297667829678 2.351693037278433
79 790 0 0 0 3.3584698623959897 -0.0741281866042905 4996.74479084795 -1.9357697055349394 4997.641133178662 -1.360732333162435 2497.5933652413023 0.03873562213686853 2.4942458016294755
80 800 0 0 0 3.0955593419913936 0.15991723506776673 4996.886059865494 -1.9503537624958054 4997.664655301724 -1.3160606529353063 2498.0856565575473 0.036647988063922776 2.193367306252255
81 810 0 0 0 3.1490110095610944 0.07397428366766684 4996.90915635619 -1.9769674581329535 4997.559507401968 -1.2589358994334443 2497.871751989671 0.035104863905415534 2.3480808527408894
82 820 0 0 0 3.11216782144283 0.19583487372086644 4996.867016008806 -1.9710488576192842 4997.482138193236 -1.36444463386653 2497.822000606829 0.05559294602957416 2.5000510841691024
83 830 0 0 0 3.3065679972399415 -0.002601526468061416 4996.814986420971 -1.9072420532862597 4997.482416472068 -1.4083999557940117 2497.895276126417 0.034229299361444164 2.549604628288234
84 840 0 0 0 3.1839695623561015 0.035110193093379045 4996.984390055829 -1.8551848592140203 4997.35652412861 -1.3765053035124681 2498.072465174165 0.03859288052573793 2.3865948634374847
85 850 0 0 0 3.342547656679206 -0.07266068959684496 4996.925710244615 -1.80904751673804 4997.2766468545915 -1.466542795887079 2498.233576632308 0.036662274122716526 2.4581905333131133
86 860 0 0 0 3.1597432949179813 0.14018856622815634 4997.094675045247 -1.9180889116679325 4996.975846468262 -1.3873925292584575 2498.763392213324 0.031688489976527116 2.119909995262113
87 870 0 0 0 3.258815153643542 -0.005050537191666371 4996.923578616667 -1.9533574481155187 4996.990058104239 -1.3020001234768195 2498.730405924863 0.026910606202042893 2.16773621558388
88 880 0 0 0 3.2502405596846855 0.016290669344842093 4997.005095620233 -1.9096484069788253 4996.986448431952 -1.355521422701693 2498.85745406285 0.02280858120081104 1.9363744667232548
89 890 0 0 0 3.3926488567573636 0.019957837205174963 4996.7917866365715 -2.0075902637103393 4996.987366475767 -1.4231755633253032 2499.040035630725 0.050490620936262 2.079833864649797
90 900 0 0 0 3.409973076134117 0.1007923409905209 4996.722072056028 -2.049469684791367 4996.924848848874 -1.4654859979754793 2499.433738131619 0.03453197020517883 1.9444490046167902
91 910 0 0 0 3.5792017596371237 -0.06915616987031303 4996.652376457211 -2.1100521381233848 4996.939302908909 -1.4006814978408006 2499.4325198901124 0.02718457709227032 2.1528799900628774
92 920 0 0 0 3.5459785332633165 0.0033611485804559693 4996.653324101346 -2.198158395746729 4996.7008945453 -1.3403080185777303 2499.833778283142 0.01035028939158909 2.065445276453265
93 930 0 0 0 3.7803294308903355 -0.09245146395323377 4996.3938289385405 -2.3377372647747294 4996.691124095856 -1.3459330118191892 2500.017112156778 0.01458153294265156 2.403424352049486
94 940 0 0 0 3.909717618339436 -0.13344489978803786 4996.149781692624 -2.557073171177243 4996.802775609238 -1.2336589886330855 2500.3939023553517 0.03743688502527303 2.3531568407037406
95 950 0 0 0 4.267491502774092 -0.2414408037776989 4995.774718329947 -2.7242012810310228 4997.044363161532 -1.3172150797450695 2501.045983705462 0.04593713417692407 2.374590907059308
96 960 0 0 0 4.2962243026047355 -0.5098975543409914 4995.8981062676085 -2.401820969077361 4996.672294257862 -1.4226029886751417 2500.8695503864797 0.07600670577182256 2.256245083540676
97 970 0 0 0 4.169214718893655 -0.7593525367888367 4996.014876600157 -2.1961839132052168 4996.925118792178 -1.2300403753390237 2499.8304914806367 0.05049587036757751 2.5371727849729515
98 980 0 0 0 4.09220162160746 -0.6971557923340945 4996.050240501578 -2.3309352775455974 4996.570670608907 -1.076608655531181 2500.034100226264 0.040480457571904375 2.253700558761558
99 990 0 0 0 4.147220054527652 -0.8349972944172462 4996.113683488417 -2.3124732758704956 4996.287914044312 -1.0145912548892897 2500.1442267424227 0.045985719774937504 2.2351849950608407
100 1000 0 0 0 4.122763662920735 -0.7565575064466679 4996.106579397946 -2.3850131137488138 4995.894193351914 -0.9898595144792419 2500.555213844751 0.03365157148003056 1.943037821249367
101 1010 0 0 0 4.585103362674711 -1.1813716411664732 4995.996872099557 -2.3272249646988445 4995.824672379865 -1.0798843067154098 2500.4474022187087 0.032378555470711445 1.5884162641258595
102 1020 0 0 0 4.9640226864211785 -1.5186354810333373 4995.82203752114 -2.3028076578165324 4996.0123044741895 -1.148919563045214 2500.577677785343 0.0344265654978914 1.7905392047820232
103 1030 0 0 0 5.173391706684579 -1.829956682726368 4995.673867508199 -2.3529127793021747 4996.145847622375 -1.0131548249053608 2501.0782338064346 0.05460598588391998 1.7829616036434903
104 1040 0 0 0 5.497167994002169 -2.038795384183603 4995.485127253168 -2.4831976664502142 4996.281683699339 -0.9896256473994739 2501.7300593518044 0.0443456630064114 2.1342179161597628
105 1050 0 0 0 5.197146909127697 -1.9580558561126433 4995.58475052436 -2.267537463671042 4996.074318569299 -0.9803660933833556 2501.886825994667 0.04208760895044428 2.060247654534931
106 1060 0 0 0 5.409139080463484 -2.14103028172531 4995.218999938127 -2.2960333023536825 4996.276054458401 -0.985022398010869 2500.9915414446973 0.04398008809637248 2.5432367681588506
107 1070 0 0 0 5.463724342648007 -1.907440336044041 4994.946869533102 -2.5478100506799093 4996.167120183974 -1.007708372427835 2501.479501658157 0.018151372955287383 2.794877467835924
108 1080 0 0 0 5.7704962592049265 -2.1570553772362024 4994.781254673187 -2.5078646064193673 4996.172867627912 -1.1159743978859769 2501.5557316486615 0.0333896921367556 3.0809913960495696
109 1090 0 0 0 5.893327763468928 -2.313993935226182 4994.761331417491 -2.400891786349544 4995.9200240068485 -1.1862738573895264 2501.6846653122698 0.03285058286275081 3.1408376336370014
110 1100 0 0 0 5.773901458347043 -2.4491027115704824 4994.712230987137 -2.239724921115769 4995.639689615764 -1.0947337015968799 2501.5909501281676 0.034650085396096104 3.073784270056649
111 1110 0 0 0 5.901864997891008 -2.664438594994398 4994.63248060842 -2.1730870175264734 4995.517829669075 -1.0737774227222745 2501.70654393107 0.03782855876031855 2.767604205275918
112 1120 0 0 0 5.9431462025031765 -2.9131777189616352 4994.562932158028 -2.1238608983637133 4995.536350955139 -0.9071571306664835 2501.6514140492304 0.027436069868213647 2.8784442986108365
113 1130 0 0 0 5.627650907269112 -2.60357827919867 4994.870908269497 -2.0566822824720465 4995.60411348124 -0.967323117714058 2501.139564040657 0.02250808373902105 2.8990513367453907
114 1140 0 0 0 5.99831016715033 -2.814530694019428 4994.5974538708515 -2.172535141215783 4995.731992567021 -1.0161559740103419 2501.53193622559 0.028259963979824533 2.920612333105907
115 1150 0 0 0 5.943976902777225 -2.8113434697153767 4994.548565564379 -2.228278748401446 4995.935252148957 -0.9140519443982121 2501.4857307913758 0.03572083716274016 2.842063131457365
116 1160 0 0 0 5.798802478724186 -2.5701127548922287 4994.704839199693 -2.274213814709728 4995.661979315336 -0.9679925053524406 2501.713321012164 0.043872411001683355 2.6592301908995672
117 1170 0 0 0 5.657671177694684 -2.4547011426109666 4994.677482403461 -2.3159905905546747 4995.796653310544 -0.9017805565235053 2501.7256368647836 0.04349659790554641 2.5966535140334632
118 1180 0 0 0 5.644049062192645 -2.4998740726027355 4994.683005642468 -2.251554182639471 4995.725576228669 -0.9097218929573424 2501.9007934325277 0.04637872200554458 2.587875671330575
119 1190 0 0 0 5.715876229177785 -2.585612399949436 4994.579400945054 -2.3075571008816187 4995.91086399637 -0.831531408659939 2502.014070454322 0.03624216742279963 2.5673510609188193
120 1200 0 0 0 5.837608667298165 -2.674134107184724 4994.484471358663 -2.327672432914645 4996.049558388867 -0.8478282291826278 2501.8673183845867 0.03953986752009596 2.7247526535400106
121 1210 0 0 0 5.808825242271276 -2.5458430716303018 4994.626540723286 -2.3569888763878435 4996.16471311399 -0.9156392548759731 2501.880713857963 0.03539092605231559 2.6569489716909396
122 1220 0 0 0 5.86655496939003 -2.577000877399276 4994.481667045842 -2.364438567318558 4996.107332328649 -0.9358011613774992 2502.0517911089564 0.03680027325780918 2.7255569022376016
123 1230 0 0 0 5.845170147459197 -2.57689839339582 4994.563457322228 -2.350422300827362 4996.105705461748 -0.9283830629694529 2502.0359862650516 0.0365818497637396 2.569770912083896
124 1240 0 0 0 5.775124227122191 -2.5708381460982914 4994.634641124396 -2.297563386655895 4996.093812941395 -0.9153274449232522 2501.9715125173566 0.034557385629118684 2.5074786097192083
125 1250 0 0 0 5.85727612571735 -2.6026029161863833 4994.561299418447 -2.353221799526397 4996.0337243428 -0.9089641562601704 2502.0304786542283 0.033676150019821785 2.4816170501578956
126 1260 0 0 0 5.858230827197671 -2.561317722112169 4994.51072510603 -2.398406344278088 4995.898528493917 -0.9070789136194617 2502.284326495268 0.03462337040245056 2.42424739011556
127 1270 0 0 0 5.825894996359848 -2.5493484339289343 4994.585166221994 -2.3670863252343644 4995.888438535299 -0.9188045695916266 2502.147899002243 0.03608888847308551 2.4276381908028912
128 1280 0 0 0 5.895211001658406 -2.6064637838170146 4994.497243247451 -2.388626446836936 4995.848213362047 -0.9082824214482302 2502.3266157252224 0.03490683787856274 2.4285923950758312
129 1290 0 0 0 5.876254779818081 -2.5747748842359965 4994.5365822369695 -2.3842192117913794 4995.838317001552 -0.9268271588848713 2502.258860122349 0.03672977969039645 2.391079230598855
130 1300 0 0 0 5.854645914589763 -2.5756643512395807 4994.556024874386 -2.3720535849909012 4995.863433815002 -0.9157716959550577 2502.2099618815105 0.034856969627272964 2.360719671616706
131 1310 0 0 0 5.830204612929435 -2.5835717264457436 4994.598244420371 -2.349608278135701 4995.785428450784 -0.9039977100187381 2502.2792302363378 0.03326624982678524 2.241531182576287
132 1320 0 0 0 5.858644515330915 -2.594343532873159 4994.515741719553 -2.3886477587785033 4995.751071434911 -0.8822822229969579 2502.488234826021 0.03336656292834437 2.1605871132416405
133 1330 0 0 0 5.842684634721272 -2.570659834417096 4994.540003942023 -2.418868347639643 4995.705664426226 -0.859863037200813 2502.446147739329 0.033856701634219895 2.0907519675780475
134 1340 0 0 0 5.835053856391552 -2.5942455791678185 4994.529423167214 -2.415529530585151 4995.665433613899 -0.8305463976928322 2502.487548959011 0.03205406846251295 2.0183296220543476
135 1350 0 0 0 5.906960125461135 -2.663848552051057 4994.466390767425 -2.3890486228526444 4995.817710443586 -0.8610675727868846 2502.364830497084 0.03387312755501804 2.1575697497684794
136 1360 0 0 0 5.849252202943485 -2.6696323658988526 4994.50638559295 -2.3383922409182314 4995.7970787939485 -0.8489443285257164 2502.3159058628453 0.034896267069273096 2.0992755273079498
137 1370 0 0 0 5.892664839184339 -2.7405052798876026 4994.506632557901 -2.317740960337152 4995.766825900393 -0.841145772203824 2502.18155910813 0.03404620523662279 2.062270874394256
138 1380 0 0 0 5.892885943479813 -2.7903870028740996 4994.497645865071 -2.2837548997760777 4995.7646862789825 -0.825141349614281 2502.2583389857755 0.03329677935597103 2.022393971384409
139 1390 0 0 0 5.897466496840179 -2.7487418714079546 4994.487865127166 -2.348193990851877 4995.833179019512 -0.8058633463310414 2502.341586415908 0.03208010735646787 1.995349400945493
140 1400 0 0 0 5.883452843171449 -2.7240150687516658 4994.475528709677 -2.370712645177021 4995.827413612413 -0.7929106671933545 2502.504592391275 0.03089264798977725 1.8991313814928772
141 1410 0 0 0 5.863194482373529 -2.703802872436564 4994.531407364042 -2.352171612708343 4995.890750009871 -0.8127088402596482 2502.3848850052877 0.032722371769165585 1.9277630011273525
142 1420 0 0 0 5.7986582648655896 -2.6420902322062565 4994.662507454777 -2.307562301147059 4995.896063609575 -0.8539949622804632 2502.2625255107496 0.03213954906582065 1.9160743987369013
143 1430 0 0 0 5.829908214793307 -2.6502838055801634 4994.599381327598 -2.3267796279779933 4995.900245995748 -0.8578344215935705 2502.351932234967 0.03208567093050756 1.8737639705121127
144 1440 0 0 0 5.767609405447563 -2.6219901666123278 4994.660451704653 -2.3062739985477347 4995.859987913712 -0.8437916700651727 2502.3860108864565 0.031935342746610834 1.7937210848721439
145 1450 0 0 0 5.672026603909154 -2.5417282564104062 4994.754755056682 -2.3089067478136793 4995.793975280124 -0.8241477748062619 2502.476685852767 0.030847518299779966 1.6553688047440922
146 1460 0 0 0 5.651424013148948 -2.5224513403791997 4994.7483973563185 -2.3598707643838774 4995.69142588427 -0.7712657148130155 2502.7015019953355 0.03038631120401953 1.5219043078212382
147 1470 0 0 0 5.68770344053017 -2.5800331627096877 4994.715392866899 -2.3671781515030696 4995.593205794285 -0.7431473082992142 2502.7453501762157 0.030750291341813032 1.5261502389934498
148 1480 0 0 0 5.7278142878796166 -2.6255454108935457 4994.671285819835 -2.3632428386831137 4995.658766084157 -0.7407521676027149 2502.838412670053 0.029608745555946236 1.5528058030648162
149 1490 0 0 0 5.8663645586462465 -2.718300459839248 4994.544496738172 -2.408082047222367 4995.528752853131 -0.7418247533765053 2503.034526491541 0.029751270963203458 1.5154790711660033
150 1500 0 0 0 5.734115575027209 -2.59057056867693 4994.69001920994 -2.4167385895847424 4995.45123051415 -0.7272371714331667 2503.0976356346036 0.028545852464484135 1.35193817340842
151 1510 0 0 0 5.809077579458846 -2.7031188531427137 4994.590128784025 -2.405774715710587 4995.414793784945 -0.7002967718348176 2503.116106912703 0.028419711206032774 1.313442082779093
152 1520 0 0 0 5.80448268352879 -2.725076426951623 4994.609848622306 -2.356166195096345 4995.470148358827 -0.7238330548860741 2502.888720290948 0.02869467798584225 1.420977614538773
153 1530 0 0 0 5.8040194533321605 -2.6586437153978837 4994.556630554931 -2.428228796548408 4995.443652854566 -0.7182111264787715 2502.916746834156 0.02845694418968167 1.43558907494423
154 1540 0 0 0 5.956473325729741 -2.788136311019146 4994.417292707767 -2.503008878995169 4995.32445464911 -0.6664702026909874 2503.132950401684 0.029001410036398466 1.4474594373746532
155 1550 0 0 0 5.988611861562565 -2.7784445094809325 4994.412310277334 -2.5562989874896402 4995.252798879258 -0.6535422549739995 2503.3034886716564 0.0276053509481205 1.298474182401144
156 1560 0 0 0 5.937794868069401 -2.78081161435238 4994.501515962526 -2.4830874969866015 4995.240956464365 -0.6731822368468889 2503.2275459185926 0.028113137096964214 1.19505813811544
157 1570 0 0 0 5.9837733084671 -2.8506040319330985 4994.445682138434 -2.4900250272861686 4995.2669408707425 -0.6423707270299226 2503.3568549418774 0.028089380690550787 1.1903701201186547
158 1580 0 0 0 5.97440361258272 -2.927559902865541 4994.476543054954 -2.3934971525346933 4995.344212759737 -0.6533922033902184 2503.1128077827047 0.028934136146869533 1.2797051604868828
159 1590 0 0 0 5.874067812318676 -2.829094819154848 4994.5697057083635 -2.3989381772652845 4995.417022459112 -0.6454014343229318 2503.1283990309244 0.028111377592199352 1.234422820107739
160 1600 0 0 0 5.858374687624842 -2.8620464050129817 4994.638260931164 -2.329479741646589 4995.401992252467 -0.6661025824658958 2503.1729236355463 0.028400662639094264 1.1836426472405583
161 1610 0 0 0 5.852556977210951 -2.8267331554687956 4994.648976124948 -2.3784931172817902 4995.307773346821 -0.6455344783578402 2503.2699044506253 0.026952743372574226 1.1402341941603944
162 1620 0 0 0 5.792901107075557 -2.775150683937186 4994.723021753151 -2.351354114580319 4995.270179824083 -0.6645689983246406 2503.269274629376 0.02718314482439009 1.1360491923078677
163 1630 0 0 0 5.788598164351781 -2.7647017655012602 4994.692047090211 -2.382174661189987 4995.219213548688 -0.6396636045660318 2503.2724428918905 0.026928735229054167 1.086603080192865
164 1640 0 0 0 5.8175209301505255 -2.765720755725696 4994.670215437172 -2.411334982069707 4995.154272011872 -0.6388494744677515 2503.2955147931775 0.027340084072850348 1.1328841347838603
165 1650 0 0 0 5.8235128449248625 -2.761501368010842 4994.663584195266 -2.4155842328620176 4995.160011559372 -0.644502578833354 2503.331617344599 0.026908668853407296 1.1227434070989066
166 1660 0 0 0 5.865156543481285 -2.8165790662624115 4994.613353598525 -2.409009508862329 4995.183487382045 -0.6379586724482551 2503.4057575291295 0.027443874288317155 1.116108330360946
167 1670 0 0 0 5.925494615103232 -2.86261882296228 4994.572075355446 -2.413525609112624 4995.1956104909195 -0.6480757732790319 2503.3721320482728 0.02791280276211789 1.1391278663011701
168 1680 0 0 0 5.961638389298029 -2.908322126559676 4994.550956071277 -2.413432501328306 4995.167716124586 -0.6380707063729782 2503.383112828142 0.027347007679394787 1.1159124173030532
169 1690 0 0 0 5.894373315897842 -2.872862256453972 4994.6326981752 -2.3658340782390117 4995.223139440169 -0.6537224940934933 2503.251803595176 0.0272251363497405 1.0999558117101842
170 1700 0 0 0 5.900419348467179 -2.885079648610504 4994.639079361197 -2.3496762095713155 4995.207860525088 -0.6639756003546039 2503.1818523381653 0.02743987953126589 1.1093458478244225
171 1710 0 0 0 5.955033720773123 -2.9040547207582814 4994.577325334915 -2.3986689944458934 4995.171777067071 -0.6505416395000306 2503.338965784281 0.027254884328268964 1.1072123313363817
172 1720 0 0 0 5.940488732772571 -2.8839912588394165 4994.565334454905 -2.399295130319117 4995.18723082171 -0.6557510487859415 2503.3110285898456 0.02740984195762103 1.1436877763415787
173 1730 0 0 0 5.997078010191153 -2.9282244154695283 4994.513259081218 -2.417487346477669 4995.134373046086 -0.6500001584429462 2503.347573685532 0.027492629413418634 1.1577435419312463
174 1740 0 0 0 6.0248391731615 -2.9639660853166303 4994.487535329471 -2.414040877497645 4995.1009640742695 -0.6452588100445158 2503.3718506960545 0.027415852371214286 1.1433237098649125
175 1750 0 0 0 6.047098356675277 -2.9854897914886496 4994.469712477179 -2.4216180588668794 4995.089139900141 -0.6385608654557412 2503.4215563609346 0.02761230205673313 1.132137626100613
176 1760 0 0 0 6.063330864689755 -2.991378379009253 4994.463081689005 -2.4296642233134995 4995.097126736491 -0.6406407788464434 2503.464857979655 0.027467868185474493 1.1233183709196104
177 1770 0 0 0 6.012863946923158 -2.9506455141382446 4994.494417042318 -2.4258780748424433 4995.1278660212665 -0.6346614346417627 2503.4245324042427 0.02733381708950594 1.1345032066083192
178 1780 0 0 0 5.9913329070046615 -2.929900927051589 4994.512353226904 -2.42310850472969 4995.138127560443 -0.6364563045896221 2503.4281323199634 0.027149140607603966 1.1127757817776975
179 1790 0 0 0 6.016345971091459 -2.961267064429766 4994.484080430396 -2.4257798641202206 4995.124798451756 -0.6276850288948743 2503.4378072548257 0.027498224506419523 1.1217056129670337
180 1800 0 0 0 6.004076594377051 -2.950379402602509 4994.507753019486 -2.4116470366944647 4995.155890923093 -0.6402432769584844 2503.4006955877676 0.02727891338671028 1.1102733347736649
181 1810 0 0 0 6.003261547975153 -2.956173121598254 4994.506529285599 -2.408841585321494 4995.148025651752 -0.6364809234261244 2503.420776675205 0.027254440632407128 1.1157530801450222
182 1820 0 0 0 6.012193595132818 -2.9654030347869638 4994.496362489397 -2.4075669614523516 4995.151693906739 -0.6375439627906222 2503.4258715077694 0.02737342050944095 1.1168173543238986
183 1830 0 0 0 6.010403890612662 -2.9664084029856848 4994.503203837806 -2.407323054518513 4995.145706399155 -0.6349188775017633 2503.4502956605065 0.027325755458164496 1.1067928453289515
184 1840 0 0 0 6.026113371865628 -2.974914954265348 4994.484102128734 -2.417805641886574 4995.123493647914 -0.6316986309806035 2503.4847931521126 0.027381372898168242 1.1120722898981925
185 1850 0 0 0 6.018690044144455 -2.960702728050568 4994.48758875521 -2.4271802735656314 4995.117755056841 -0.6291216763710128 2503.5089132066187 0.027365101182002968 1.114626095131484
186 1860 0 0 0 6.025322543739789 -2.967110975324573 4994.489170743831 -2.4263218150205983 4995.105544509024 -0.6301972779988356 2503.5349614787287 0.02737582721614955 1.115986995634776
187 1870 0 0 0 6.023455357909868 -2.955137066367361 4994.478482179496 -2.4392455439654945 4995.107629556743 -0.6274503226349143 2503.5471299852393 0.02745931847180437 1.116661679492771
188 1880 0 0 0 6.034160745182921 -2.972522364393529 4994.472625123647 -2.4371427063361244 4995.0653430643415 -0.622795732155115 2503.572367733089 0.02737973391507295 1.109046979070369
189 1890 0 0 0 6.055363016591277 -2.9941396174443615 4994.469901225215 -2.436996666188826 4995.063224909596 -0.6224618789504581 2503.5872880320258 0.027318198754096735 1.103407791247794
190 1900 0 0 0 6.071279273485217 -3.0102575292767244 4994.457128783012 -2.436668121572353 4995.041405120529 -0.6226546112131354 2503.606184669278 0.027435645816605105 1.1077083014515476
191 1910 0 0 0 6.07287018002096 -3.018541396157439 4994.469258675076 -2.417686597772911 4995.045317455179 -0.6350205950367931 2503.548998007135 0.027496511934004996 1.1099873241144442
192 1920 0 0 0 6.06144671581287 -3.012515019040478 4994.483009766483 -2.4112898169248997 4995.043329127953 -0.6359572622012687 2503.5316277731777 0.027451044165654116 1.1055083677605517
193 1930 0 0 0 6.061823784310128 -3.008832800382023 4994.479393875196 -2.410915669790497 4995.038532157053 -0.640439020322688 2503.5179242865393 0.027510310033594772 1.1105287222923785
194 1940 0 0 0 6.045709846044652 -2.9891223847990216 4994.478484546857 -2.408452469000564 4995.084619406252 -0.6465292694714327 2503.482109585886 0.027539238854650767 1.1134002762991553
195 1950 0 0 0 6.063610393989954 -3.006698339594165 4994.468741907409 -2.4098812720311273 4995.048567632989 -0.6453587636300093 2503.507806168406 0.027440650791316294 1.1092584316110412
196 1960 0 0 0 6.072876336301126 -3.0201388209713036 4994.457502122797 -2.410490392605937 4995.043195690676 -0.6406049942140594 2503.5115748387716 0.0274316704878445 1.1138884879869946
197 1970 0 0 0 6.073259403902768 -3.0196157270172823 4994.448933804517 -2.4140999858488517 4995.0457219520285 -0.637906679321183 2503.528015063305 0.027455238474208367 1.1174509789536802
198 1980 0 0 0 6.082075786831991 -3.0240069451455898 4994.435893877814 -2.4171220371822804 4995.04349481142 -0.6392916968007226 2503.5191099643075 0.02745395953730073 1.1138330795764955
199 1990 0 0 0 6.104435530162799 -3.04747440101209 4994.423810342164 -2.417437012752447 4995.0270960316275 -0.6378517455095153 2503.541699268843 0.02741432394542398 1.1153294316938647
200 2000 0 0 0 6.118002936993745 -3.059606627345509 4994.417713184356 -2.415271540156396 4995.006081533656 -0.6414485859517932 2503.551969244112 0.027434277383382905 1.111393823931723
201 2010 0 0 0 6.1141371272718565 -3.0417243757086534 4994.400703636409 -2.4383260267800235 4994.997921519912 -0.6324142814519621 2503.604811150986 0.02744194396975835 1.1126964088142974
202 2020 0 0 0 6.140478777462124 -3.074069604690038 4994.381650397008 -2.4315933441340425 4994.985765630682 -0.6331929030430798 2503.61099712505 0.027446216011570667 1.1175792143777568
203 2030 0 0 0 6.14944527985023 -3.07819315495101 4994.380213772337 -2.4376768878272115 4994.982928636973 -0.6319170674045684 2503.636536279746 0.027434162411124688 1.1136221663010804
204 2040 0 0 0 6.178573043217068 -3.0961283021678656 4994.363285228985 -2.452528654867505 4994.957559358935 -0.6282673143446824 2503.701856282462 0.027452222184955157 1.1107716598304382
205 2050 0 0 0 6.172285436598733 -3.0925913632790407 4994.375194835729 -2.4441616188479682 4994.976614868284 -0.6339135204143486 2503.661878610401 0.027472676670472863 1.1154621224696668
206 2060 0 0 0 6.195229006978138 -3.104396793447688 4994.355218049478 -2.4562357710676954 4994.944880727421 -0.6329829919726782 2503.71332055833 0.027491757210970476 1.1148327706900107
207 2070 0 0 0 6.225544903543317 -3.1317603836096817 4994.337981082218 -2.4605541212315014 4994.891748697801 -0.6316402574257595 2503.7773535775736 0.027505064392026032 1.1120671343445678
208 2080 0 0 0 6.260583299528139 -3.1618369124247914 4994.311422101019 -2.4640955996333287 4994.8463831550025 -0.6330851737481837 2503.81478733051 0.02752968647852955 1.111883477412369
209 2090 0 0 0 6.25285864839647 -3.1447856983143625 4994.3012346044525 -2.48171072590735 4994.886038419944 -0.6247963442653366 2503.801721638876 0.02751443021102773 1.117403788551886
210 2100 0 0 0 6.288799673648333 -3.1578939950969693 4994.259176698135 -2.509336361648314 4994.839753884732 -0.6200153621945245 2503.8848170516335 0.0275675431990398 1.1149769052626086
211 2110 0 0 0 6.335612013157787 -3.192133605726644 4994.2141564552585 -2.5293378340678068 4994.802239341457 -0.6126539046413071 2503.985344815334 0.027626372646902146 1.1185180350787167
212 2120 0 0 0 6.353242124189485 -3.2011036313091354 4994.1894515100175 -2.5377381616423307 4994.79372285306 -0.6129133009388952 2504.0053864521633 0.02759785866644582 1.1216869161886165
213 2130 0 0 0 6.373296380246127 -3.2284884280280055 4994.183017296568 -2.5280260439590285 4994.78862817737 -0.615312228116859 2503.9884821485202 0.027627645168450475 1.118786620316308
214 2140 0 0 0 6.447965376699794 -3.2937538816935765 4994.12791555054 -2.548743346241122 4994.718730658293 -0.6041361653170828 2504.0789718660453 0.02775389483200496 1.1293486804272128
215 2150 0 0 0 6.500930259925318 -3.33636689644029 4994.0818381039135 -2.568264637541493 4994.668670809382 -0.5949604666204965 2504.150195776331 0.02773061919300058 1.1268702923369436
216 2160 0 0 0 6.524633622314208 -3.366100197890948 4994.07543356332 -2.562184829945758 4994.638299393884 -0.5950030799674021 2504.1469816502376 0.02773333305512067 1.1263203680669185
217 2170 0 0 0 6.468334295375476 -3.3055392457852277 4994.113994814983 -2.570762583692825 4994.6984217562895 -0.5906210389383755 2504.125910030232 0.0276645117512785 1.1228595456304176
218 2180 0 0 0 6.507653980331831 -3.3443487943615495 4994.083822768322 -2.5815710546988937 4994.671606843712 -0.5803830603720626 2504.187159301127 0.027724567893184667 1.1275897815277554
219 2190 0 0 0 6.5563532455074425 -3.389432186263552 4994.055355999216 -2.576525032515614 4994.646528200682 -0.5891016555203402 2504.193258949301 0.027753788229183105 1.1342073863227353
220 2200 0 0 0 6.621625516075797 -3.460765603859271 4994.015051315616 -2.577654019170864 4994.602452045484 -0.5819993580133348 2504.2487414936863 0.027849534372782942 1.138286882913412
221 2210 0 0 0 6.724006294088497 -3.546682775020802 4993.93958828447 -2.607607582442957 4994.527235152772 -0.5685166515825973 2504.3515244932487 0.027862636744328175 1.135197869097774
222 2220 0 0 0 6.727030335631103 -3.529043853214284 4993.915944741216 -2.6278245995431524 4994.512173006027 -0.5689578807627065 2504.403909991935 0.027833013703388157 1.1342330532570772
223 2230 0 0 0 6.674317794008773 -3.510014358348407 4993.993187000942 -2.578148343814225 4994.561228204762 -0.5848696493901993 2504.2638736113026 0.0277933763763129 1.1291016052706757
224 2240 0 0 0 6.777181589958871 -3.617609503632379 4993.926487042752 -2.584265006315946 4994.46601603681 -0.5741425923977376 2504.346560135596 0.027913917506122956 1.1329327360043884
225 2250 0 0 0 6.87217842131119 -3.7000927809444906 4993.88617532782 -2.5857464103612955 4994.393981898114 -0.5852326705382825 2504.433436055831 0.027969890305814687 1.1350949728340411
226 2260 0 0 0 6.9618484491535195 -3.800684969681246 4993.855259659883 -2.5668286962997473 4994.307973113025 -0.5933177359810737 2504.44683158775 0.02804872642449723 1.1388955989694658
227 2270 0 0 0 7.066575629694883 -3.895055429601031 4993.773940550106 -2.5758920255355364 4994.213851110522 -0.5947301985814181 2504.4805422536933 0.028115734295822776 1.1456268395996647
228 2280 0 0 0 7.123099818038653 -3.9421132418574407 4993.749441239265 -2.5928931626140295 4994.1988084642535 -0.5872120664799865 2504.5427016198887 0.0281500225290143 1.1505688161359484
229 2290 0 0 0 7.217811881821284 -4.024613230626317 4993.704170454051 -2.597240326692941 4994.142948502389 -0.5951707521291901 2504.5786998297526 0.02823378433526997 1.155991058895169
230 2300 0 0 0 7.492013049389024 -4.265353667859473 4993.5324796060695 -2.640529212542147 4993.926855111822 -0.5855665624659596 2504.8469059686213 0.0284634154879712 1.1668236498194442
231 2310 0 0 0 7.651465548244687 -4.426254278316062 4993.442838195984 -2.649257853233746 4993.795987706881 -0.5755137575299908 2504.9073980850653 0.028541677777549054 1.1720993387212921
232 2320 0 0 0 7.9278398158730425 -4.657925683992182 4993.236957569401 -2.7110654593941317 4993.585102598852 -0.5587246304449807 2505.135860427511 0.028895659270467305 1.1822438123351318
233 2330 0 0 0 8.19408619992111 -4.895612752471555 4993.077167936513 -2.7246873084191705 4993.331214986612 -0.5738529749370633 2505.273919805162 0.029077641006748395 1.1896363145618876
234 2340 0 0 0 8.581554498316875 -5.231017276765276 4992.855186009509 -2.784660185501296 4993.025022641333 -0.5661913110056747 2505.503238443584 0.029354359637054014 1.190526560786582
235 2350 0 0 0 8.8093714292931 -5.405240934446297 4992.726567438545 -2.841225579944228 4992.738618673433 -0.5635606895518195 2505.855156146778 0.029739784609802974 1.205563218331835
236 2360 0 0 0 8.995090532765206 -5.598335986431379 4992.695204181242 -2.8305034759483663 4992.586411521558 -0.5670422887593212 2505.954292494155 0.02984409951125156 1.2087642071136946
237 2370 0 0 0 8.865648605097453 -5.497792076550742 4992.808950168885 -2.8113141348424495 4992.724734752214 -0.5571883053254855 2506.088331297356 0.029697099537551442 1.2064356372125926
238 2380 0 0 0 8.300442924732076 -5.06565335494036 4993.251104352926 -2.616631847065606 4993.18629146575 -0.6182755265762272 2505.235016881782 0.02917392176847629 1.1869425004441514
239 2390 0 0 0 8.584142279242993 -5.272391389936413 4993.033555456378 -2.7391004443194387 4993.103116435019 -0.5731754262976007 2505.505698381038 0.029572128343068133 1.211648787240996
240 2400 0 0 0 8.957794685923746 -5.579265754619016 4992.777499590264 -2.7986833202896313 4992.76502489477 -0.5805714053953418 2505.915500914091 0.02977587050498909 1.2069388362838982
241 2410 0 0 0 9.03936591566872 -5.591331149959843 4992.712690877088 -2.860460665255567 4992.832297531315 -0.5883644118837363 2506.0293489811206 0.0298292013794717 1.214579437310365
242 2420 0 0 0 9.267468708272657 -5.901670562249638 4992.731124348109 -2.7618753871343595 4992.6281516159925 -0.6049132202497438 2506.0117685129962 0.03002071885895993 1.2192173556097203
243 2430 0 0 0 9.990003010251797 -6.603024409383045 4992.30091142326 -2.811498777249091 4992.11395460953 -0.5772708423685039 2506.443730839045 0.030747752340713138 1.2608833685309682
244 2440 0 0 0 9.869463466038928 -6.438870486104929 4992.302339514167 -2.8632481293424203 4992.3375502579465 -0.5689762018000328 2506.4506993159034 0.030602330775200182 1.2489908213760155
245 2450 0 0 0 10.20868258172765 -6.763325214643604 4992.118819308441 -2.8803004783463324 4992.130688381043 -0.5669539553043069 2506.715208654816 0.03089969156419876 1.2584184648032357
246 2460 0 0 0 9.96244101704627 -6.5485469807865115 4992.256513865429 -2.8732025009991413 4992.393063419318 -0.5422774093163608 2506.7401585865887 0.030582839910756856 1.2413132305391512
247 2470 0 0 0 10.332250178366474 -6.797337155289037 4991.936373128972 -3.0353763058942578 4992.149945227179 -0.5016196468042937 2507.368176498203 0.03111709764958374 1.271833106585895
248 2480 0 0 0 10.651376265033903 -7.037320847606142 4991.6262742620565 -3.1743854390727413 4991.926484587434 -0.44181578421009704 2507.811789869467 0.031189071019686588 1.2631781220859772
249 2490 0 0 0 10.54496417867117 -6.9364813353135455 4991.681050309432 -3.160214005012705 4991.974964688268 -0.4502635090697162 2507.939408565049 0.031040032720557838 1.2559917654535209
250 2500 0 0 0 10.685101723528227 -7.178119387973944 4991.812895416475 -2.9927589148617466 4991.922416875804 -0.5163904997719292 2507.668507555845 0.03115212895304144 1.2666094070762863
251 2510 0 0 0 10.41044800695784 -6.952271479080249 4991.9086642910825 -2.9270338012732307 4992.189254172196 -0.5330904919137749 2507.488226168448 0.030968649823825873 1.2535246332505419
252 2520 0 0 0 10.130392188834612 -6.647620815638077 4992.022948589955 -2.957040426962434 4992.421522931319 -0.5275387310046421 2507.313894379907 0.030756696669498183 1.2535370926252958
253 2530 0 0 0 10.787079352368279 -7.138828592919605 4991.558817399544 -3.151055992116087 4992.082072920691 -0.4995742859161054 2508.2285549877397 0.03132798389287496 1.277462965844195
254 2540 0 0 0 10.459481527876186 -6.934553568075577 4991.8561638899 -3.001026851053788 4992.366884919582 -0.5259571762154757 2507.9054298394985 0.03104868946500133 1.261804158033947
255 2550 0 0 0 10.263046159610461 -6.779219953775991 4991.978279055224 -2.9488253400398934 4992.453473832206 -0.5368959698132846 2507.4495648003417 0.030868934732616742 1.2589176620868916
256 2560 0 0 0 10.329267435120174 -6.852258191019873 4991.931187620629 -2.948476938623548 4992.44796807218 -0.5306315674810429 2507.532554534226 0.031127187138326285 1.2661603660813043
257 2570 0 0 0 10.575226367632112 -7.118410274756795 4991.8126966816735 -2.9534012560200016 4992.176035386256 -0.5055972238784109 2507.770263057452 0.0311852119781246 1.2641124345741563
258 2580 0 0 0 10.549622351219522 -7.076403283360474 4991.802632084983 -2.9774901948317876 4992.190756142587 -0.49782969013131484 2507.8491517130033 0.03112617023742253 1.2599573476863368
259 2590 0 0 0 10.527556065465582 -7.039752935523421 4991.725979153321 -3.014964086971352 4992.203340106502 -0.4748872471685437 2507.92828600297 0.03107321339822026 1.257514539412101
260 2600 0 0 0 10.733377844210237 -7.175289712951744 4991.578275111624 -3.0880124822521213 4992.073284919264 -0.47228076746859615 2508.209055528381 0.031224209070989786 1.263365280932708
261 2610 0 0 0 10.964550185322175 -7.364292909161536 4991.4256167382155 -3.1206870919528984 4991.958840203085 -0.48195238526173817 2508.372777381498 0.03137311632152867 1.268550576387321
262 2620 0 0 0 10.467402726471136 -6.986287831804863 4991.824961277008 -2.9612628782104626 4992.2752719035725 -0.5218517789786675 2507.6453884191246 0.030999716326787722 1.2540051617038885
263 2630 0 0 0 10.297156123178167 -6.829200242001684 4991.91477550413 -2.9453929956124174 4992.36975125861 -0.5244065325359537 2507.504047972984 0.030842040514234517 1.2495957791876855
264 2640 0 0 0 10.25411779089498 -6.803903144170513 4991.981182699531 -2.908054096340311 4992.360663238891 -0.543998090892119 2507.4392958016265 0.03085889153325355 1.2458100335917293
265 2650 0 0 0 10.318415121422161 -6.884850616937188 4991.9773304225555 -2.886316578856846 4992.294152481273 -0.5492001848629857 2507.455457859287 0.030976891401469597 1.2530229973164495
266 2660 0 0 0 10.382902843368603 -6.964827566125904 4991.973935807705 -2.850107350303424 4992.2663584532675 -0.5699545458052623 2507.380938130477 0.030989719150793155 1.2540311496982168
267 2670 0 0 0 10.335397739277113 -6.925964795512337 4992.0062456729 -2.8431704322084497 4992.360642094253 -0.5681954325511054 2507.391649809831 0.030952234843895185 1.2517638813812717
268 2680 0 0 0 10.296355955884408 -6.871542412440442 4992.002585100936 -2.8777448612025514 4992.382939580513 -0.5489342067644748 2507.4497920491112 0.03087961289189777 1.2498518804118777
269 2690 0 0 0 10.280193667061845 -6.863464565125406 4992.0208787912825 -2.8771786406312088 4992.416607627421 -0.5413875273424228 2507.468773221943 0.030840964669818803 1.2504335515977123
270 2700 0 0 0 10.468766286599005 -7.033822198342182 4991.903815699434 -2.902306303359094 4992.295955918068 -0.5346355335610156 2507.614676786514 0.03100459060158309 1.2562951885114382
271 2710 0 0 0 10.369502710379692 -6.9289790421388595 4991.930064174562 -2.9123718056181866 4992.370079619773 -0.5300365444504264 2507.610969819617 0.03089797400105476 1.2500464869432382
272 2720 0 0 0 10.341759139947312 -6.87567510112367 4991.930156922827 -2.949031962619776 4992.406422349894 -0.5189034781220833 2507.6635913788305 0.030853843917164274 1.2496935439416803
273 2730 0 0 0 10.28167015307487 -6.804882721344676 4991.953911795085 -2.9514617207013547 4992.412217204912 -0.5271287518410546 2507.607462344051 0.030815118678459152 1.247777650146457
274 2740 0 0 0 10.267849788946139 -6.792911711098629 4991.977460477804 -2.942828664770125 4992.426963813548 -0.5339285632816194 2507.604933358819 0.030824524143093036 1.2488232511190387
275 2750 0 0 0 10.353261408335849 -6.840850251213996 4991.881763262573 -2.997753818757033 4992.36763828013 -0.5165375628149297 2507.763471498785 0.03088046204580519 1.2513054738500293
276 2760 0 0 0 10.411441755897869 -6.883736904692881 4991.834969735793 -3.020003856367992 4992.33833794732 -0.5096130060622687 2507.8381798881123 0.030917303825993704 1.2523362049062836
277 2770 0 0 0 10.441873202345684 -6.897812077055683 4991.796388792215 -3.041719917631932 4992.319197289375 -0.50427910814885 2507.8896658219865 0.030942536632657374 1.2528073200083774
278 2780 0 0 0 10.444158898715092 -6.903099139033742 4991.800329778876 -3.0374245768490242 4992.355103039133 -0.5055623627035482 2507.890858793756 0.030929089098170968 1.2523664649816615
279 2790 0 0 0 10.423112801711998 -6.897795437027819 4991.833468582941 -3.008995822644066 4992.360449511539 -0.518251065672833 2507.802183368927 0.030929835966821084 1.2528866342274387
280 2800 0 0 0 10.409453020122987 -6.899715883047958 4991.861504484667 -2.9801268923031174 4992.372093253181 -0.5315372820697666 2507.7256115606206 0.03093157357804391 1.2523003463036435
281 2810 0 0 0 10.347226758230919 -6.843669438794411 4991.914297855912 -2.9684388688518055 4992.41673143645 -0.537003672571467 2507.6751506119485 0.03089313560021307 1.2511486447625078
282 2820 0 0 0 10.332533652308197 -6.831576562641862 4991.918779273208 -2.970647585945316 4992.401799913962 -0.5321648568281167 2507.672965339447 0.030864558359445876 1.2496938852938253
283 2830 0 0 0 10.314913667828138 -6.82345657672701 4991.934431580423 -2.9618930249932975 4992.382706483583 -0.5314041286692653 2507.656901401711 0.030849913126253844 1.24911982642974
284 2840 0 0 0 10.316995463254948 -6.824570064093334 4991.936076891389 -2.96357747977465 4992.38428929931 -0.5306979672263324 2507.6554586202387 0.030854986886315734 1.2501395534373556
285 2850 0 0 0 10.32093839889026 -6.831165145755725 4991.932057726955 -2.960503217880462 4992.394800397154 -0.531120838352109 2507.6573641124046 0.03085436088905817 1.2499214000778582
286 2860 0 0 0 10.327373577498282 -6.835626195143736 4991.929824787787 -2.9620605657153174 4992.410913284357 -0.5315437580784692 2507.6653589387124 0.030863450225739112 1.2498918926253921
287 2870 0 0 0 10.355751679921871 -6.862453875693846 4991.915805841593 -2.9622737862225037 4992.369744911987 -0.5329088618198091 2507.678012818812 0.0308923243896497 1.2511132182360762
288 2880 0 0 0 10.34111942471628 -6.848225840613176 4991.924346992555 -2.96100186199615 4992.368313448858 -0.5337679731853118 2507.6660014624713 0.03088480370464117 1.2507493018582239
289 2890 0 0 0 10.371645239502302 -6.8667164633687054 4991.892677376318 -2.9770086791698365 4992.345256673205 -0.529819183790332 2507.7106420737223 0.030906260102485164 1.2517286616607823
290 2900 0 0 0 10.367754565051863 -6.860677257250079 4991.888963781641 -2.981940865387379 4992.331036770589 -0.5270281584166853 2507.723844890222 0.030897302747300407 1.2514699323831242
291 2910 0 0 0 10.367193248607078 -6.85657241398204 4991.886673696956 -2.983555509763726 4992.328540794689 -0.5289574580873305 2507.7245589527683 0.030898946190723902 1.2513585143308903
292 2920 0 0 0 10.342605461749507 -6.833577609854972 4991.901304339622 -2.9803535644258456 4992.3414608023795 -0.5305455796854468 2507.7102726742555 0.030877491310374188 1.2504820854351755
293 2930 0 0 0 10.353415821341095 -6.831497027038616 4991.885221202992 -2.9952851950516757 4992.321765839382 -0.5285123162493134 2507.7429601040203 0.030882109198342212 1.2509808111685936
294 2940 0 0 0 10.31958312996084 -6.819227326136367 4991.9301842417135 -2.964878377791825 4992.351529466788 -0.5373342420528784 2507.660907689049 0.030861471828954212 1.2501312303368706
295 2950 0 0 0 10.343108760771043 -6.8383238559944575 4991.910670416173 -2.9703479978742884 4992.3287251098145 -0.5363174598404908 2507.671645103415 0.030883515056217534 1.2513462749166886
296 2960 0 0 0 10.330574118690773 -6.824573562996136 4991.916371560213 -2.971036055238178 4992.341868886935 -0.536836122956205 2507.6643908722585 0.030874316064088934 1.2511121112175532
297 2970 0 0 0 10.324363613578905 -6.817873832446661 4991.919109317569 -2.971226139598484 4992.344420898214 -0.5371253533150984 2507.6746693794857 0.030866571405831936 1.2503248628094483
298 2980 0 0 0 10.371114450968038 -6.852363262140971 4991.877983851088 -2.9903594371316085 4992.33338575987 -0.5302871351825631 2507.738368829019 0.030899635670714985 1.2516201947306551
299 2990 0 0 0 10.347617348207788 -6.836271151461563 4991.898651330232 -2.982579542668802 4992.342410321478 -0.5306455545733817 2507.701752904154 0.03088168331433319 1.2512357189968975
300 3000 0 0 0 10.366264926122334 -6.846959461217008 4991.878403827071 -2.991515464982925 4992.318023117809 -0.529682194769488 2507.719142031002 0.03089480812676418 1.2516166296429874
301 3010 0 0 0 10.349809266143279 -6.835070229136699 4991.890436567202 -2.9862966862202502 4992.319104159351 -0.5303193651403875 2507.706124479381 0.030880451160478235 1.250986966571976
302 3020 0 0 0 10.360502703914324 -6.84584368582596 4991.882873986216 -2.987908900309363 4992.321733397145 -0.5286369688234457 2507.72067094041 0.030890721664237612 1.2514193823512378
303 3030 0 0 0 10.361842003788835 -6.847382156891029 4991.882672754418 -2.988560390219968 4992.31976829914 -0.527786255645049 2507.7217963303847 0.030891104803568586 1.2513977825651001
304 3040 0 0 0 10.36501806154499 -6.8499334000581085 4991.877880079803 -2.9895488087937494 4992.3141335101955 -0.5274230069215438 2507.7248620435603 0.03089229488546549 1.2512933077157447
305 3050 0 0 0 10.35986421250021 -6.845307490825495 4991.880453393322 -2.989109018586406 4992.315036576891 -0.5273318619932237 2507.7180374948703 0.03088888460425166 1.2513065195187367
306 3060 0 0 0 10.356894924312048 -6.841597550196902 4991.88020558479 -2.9891236899091087 4992.309474376943 -0.5280551193420918 2507.7180291561567 0.030886373284416367 1.2510796853503627
307 3070 0 0 0 10.362289212069433 -6.845000301093719 4991.874080433026 -2.9919035227788244 4992.293570689997 -0.5272714648166046 2507.7233768575293 0.030890432994546736 1.2512911683859964
308 3080 0 0 0 10.363869742580729 -6.847213851388536 4991.875112760155 -2.992262717503052 4992.296202977741 -0.5262789339822536 2507.7303732775413 0.030890364023822912 1.2512191890857753
309 3090 0 0 0 10.364687700445641 -6.849492096730143 4991.8748183936395 -2.989189424418503 4992.285778310186 -0.5278943689618707 2507.724663642017 0.030892302685877532 1.2513356683121193
310 3100 0 0 0 10.363645470935134 -6.84918558054174 4991.875712551938 -2.9887783804205217 4992.2856907697505 -0.5275688703976615 2507.7239407393467 0.030891947805106026 1.2512843541041918
311 3110 0 0 0 10.363927004391407 -6.850932991407915 4991.87822072566 -2.9876940828052563 4992.28843942128 -0.5271885269747886 2507.715352060262 0.03089262974315187 1.2514344978210101
312 3120 0 0 0 10.360903290094798 -6.850403720299698 4991.884062249662 -2.9838059612404417 4992.292914449541 -0.528580375849406 2507.704183315153 0.03089128237241277 1.2513496851301027
313 3130 0 0 0 10.364389313487662 -6.854162320884415 4991.8836384381375 -2.9832682683156015 4992.290765100736 -0.5288481038534517 2507.706979266793 0.03089389514642469 1.2514255158431655
314 3140 0 0 0 10.363509641133238 -6.8545844477247195 4991.885959650795 -2.9820141306852603 4992.289709215179 -0.5288006651114865 2507.7039632104484 0.030893861147754362 1.2515180054569173
315 3150 0 0 0 10.361377876181788 -6.851657025150948 4991.885274394299 -2.9828596578221647 4992.289997844151 -0.5287488849502081 2507.705530244318 0.03089213142408487 1.2513665388854558
316 3160 0 0 0 10.356997727014734 -6.847361603384444 4991.888816211456 -2.9819315298824636 4992.295801865091 -0.5295888121023894 2507.703656097598 0.030888830720366554 1.2512221534108647
317 3170 0 0 0 10.356494266352845 -6.8484137933296605 4991.891436657403 -2.9792663834149233 4992.294074819264 -0.5306985397523928 2507.6957351201686 0.030889063640856265 1.2512234588864748
318 3180 0 0 0 10.356781643557083 -6.850074250056581 4991.89409611116 -2.976315781420183 4992.294041801259 -0.5322782692534261 2507.6885828764757 0.030890951330836986 1.2513327992079892
319 3190 0 0 0 10.35846945206292 -6.851879881074694 4991.894270921198 -2.9758240767793116 4992.291678340209 -0.5326545182278175 2507.6859197868844 0.03089326272010525 1.2514463161749105
320 3200 0 0 0 10.356135751699382 -6.850928139792681 4991.898617168089 -2.9736083169295613 4992.292770496959 -0.5334870755695728 2507.6797650109806 0.03089214433978849 1.2513756004204004
321 3210 0 0 0 10.355886730744256 -6.849049160102963 4991.896229547946 -2.9769952182848964 4992.299657143001 -0.5317282947025336 2507.6876210671953 0.030890128880528347 1.251332049624745
322 3220 0 0 0 10.3586861352996 -6.8521879104442895 4991.895244227971 -2.9772708599673283 4992.2948209625865 -0.5311152376415188 2507.6898283502114 0.030892129488752352 1.2514093283983398
323 3230 0 0 0 10.358010432680818 -6.853872184170692 4991.897839436151 -2.974000958513866 4992.295161585223 -0.5320254768846013 2507.684640133542 0.030892424533177646 1.251409422535468
324 3240 0 0 0 10.3551835741555 -6.851944846509818 4991.899969330521 -2.972754109582339 4992.297170195248 -0.5323701090966931 2507.68096082349 0.03088986983431155 1.251305818663386
