% # columns="iter, evals, sigma, 0, fitness, xbest" seed=617773, Tue Jul  6 15:34:05 2021, <python>{}</python>
1 10 0.9201427643059181 0 0.0016962407655080566 0.44939039383462576 0.5158136641937344 4996.447458641002 -1.8655919391747642 4996.984857121507 0.7853525213130162 2499.8124797577384 0.13523345895234978 2.548949858035593
2 20 0.9519580691802295 0 0.2611137960839872 1.6070591930245357 -1.049184741687287 4996.645325408461 -0.6884147780489449 4996.033027416004 0.1541663371730072 2496.850685061072 0.6604961642343156 2.6304847859746774
3 30 0.8805896736379946 0 0.0030228787099905066 0.4207200953599486 -0.5966365496208407 4995.900274448497 -1.1455578995077242 4996.164851339046 1.24445714056802 2497.870337225828 0.19405652625227088 1.971239497547001
4 40 0.7879425588683919 0 0.28036156354977987 -0.4035406324801386 0.26296392202811203 4996.038958494687 -1.2571149952585579 4996.702368727886 0.5287169664426731 2497.4377156701626 1.7253103288978147 2.6913229642207055
5 50 0.7613626484516246 0 0.07589873837081271 0.2152925464054445 0.9840466708970987 4995.708604825471 -2.4317842858419993 4996.870608597309 0.8761267598175556 2498.9462956354555 0.14066869913321634 2.2978183168697686
6 60 0.7940836235419887 0 0.008215299205673562 0.4343684584300832 1.6544766517046212 4995.190697863283 -2.511015172336797 4996.782527077658 0.5369773210039253 2498.35365553741 -0.03278070910357578 0.24038126210877242
7 70 0.8013200167560796 0 0.0283399182066973 1.5941555052044065 0.06729705770850591 4996.585892006404 -2.3794938164578743 4996.165303625183 1.1411419457559102 2499.2007412601984 -0.41996979635715653 1.8378704655171503
8 80 0.7593403805928208 0 0.029803685323607665 1.5009061587097943 0.23863207664007308 4995.613436304603 -2.283843744648038 4996.7854605545235 0.26212857269735856 2499.4410744952775 0.17264178318919365 2.8219489188945106
9 90 0.7241795358568422 0 0.014426942424699116 0.8734159569421429 0.3432528051630853 4995.747164138344 -2.192309630453857 4996.289121800919 1.0785726674116987 2499.8902541323214 -0.2777358242980851 1.5183019387168288
10 100 0.697317474202076 0 0.049715445809849906 1.3099294820803506 0.5725040200507547 4995.15994985377 -2.294104378495127 4996.509546294273 0.6306892529299724 2500.2320253404937 -0.6127486268901351 0.9033642441990475
11 110 0.6379191885453696 0 0.11656243412630662 1.7432717042425758 0.06609589075208648 4996.486677801967 -2.2251006081386073 4995.603816060468 1.3201296482144182 2500.2116404671674 -0.8365013741093629 2.4130582792213096
12 120 0.5982781245046616 0 0.0012400187115900938 2.639081604553237 -0.7247128788569631 4994.820863039125 -3.15245911072117 4995.726236348223 1.3480670586761165 2499.851380139675 -0.12730783729131678 2.434048431866234
13 130 0.5684633094242157 0 0.012150824575674917 1.4621479327285978 -0.34052846430589645 4995.406280160582 -2.778923573774189 4996.403142546706 1.2530800023064887 2500.0082972086966 0.5242877523314551 2.6234525825508705
14 140 0.6296850012644382 0 0.028992597876815893 2.4389027057709245 -1.51908248468991 4995.306113867262 -2.884409055705519 4997.201470380265 1.6907689294615456 2498.546969958653 0.15999770939107621 3.130705382174015
15 150 0.6195053496862316 0 0.011740066328000915 2.5505362308081745 -0.8623891849852158 4994.875647025787 -2.6669162049752226 4996.625751555541 1.296678440731827 2499.646943661222 -0.2823640367971073 2.8511010237253243
16 160 0.650265008620169 0 0.014066929630941492 2.651197966413425 -0.7304547371521115 4995.7984712013 -2.2174965870995713 4997.498815217492 0.6195644539982255 2499.1412873952763 -0.4804714272670042 2.902777149171209
17 170 0.5677184311383131 0 0.1325255731676103 1.8422136634129536 -0.17690274838083098 4996.0600825210695 -2.039795708011766 4997.0618107962355 0.7688008785258412 2500.228182762663 -0.020872298614641335 1.4035182295235247
18 180 0.520023803623496 0 0.014132829030302966 1.5060373532838738 0.2654254047797723 4995.315120054259 -2.4825853832030917 4996.479308391566 0.5957051701925858 2500.0874076346086 0.02188196685616217 1.8137209860182537
19 190 0.501607165883581 0 0.016466461285952735 0.9463493017429042 0.5954243917843636 4996.509182682402 -2.5849794044473025 4996.67628867416 0.9498540460466889 2500.067767985683 0.3090317850629869 2.4613828233826274
20 200 0.507793167877313 0 0.0014012081891800004 1.5548945292908314 0.5900762596534368 4996.1300124036725 -3.1757016246216487 4995.377617203356 1.0006228531491363 2500.7935594540054 0.015296534198812384 2.473317444562094
21 210 0.46386129231226836 0 0.021711542654200413 1.2809842834953358 0.473102127838936 4995.618458313772 -2.574137001230379 4996.353356444934 1.0788239124129573 2499.6640894796888 -0.46933453352752486 2.389289178744099
22 220 0.45329757759506417 0 0.003291412931412228 1.7631338533513177 0.6963000387661062 4995.350192871308 -3.016172276066602 4995.381978832445 0.5097745950478982 2500.961740681253 0.011390620328110834 1.9775698491553666
23 230 0.43849194915115774 0 0.0024263425792584526 1.5026133480310995 0.7596668621608873 4995.469559523701 -2.615498216903831 4996.409454670981 0.3860833046339114 2499.792222542419 0.0493347623894643 2.002593002390034
24 240 0.4571365321935193 0 0.009025871586518961 1.4903913393032575 1.402456558364592 4996.344151490027 -2.953077162748382 4995.480201081377 -0.16184226237501442 2500.923166473648 0.3098959969932106 1.3908136966722928
25 250 0.43955688851512803 0 0.010665702606943243 1.973723039167882 0.2038047037454671 4995.701221021369 -2.8319356204876365 4995.912593240613 0.794581055485926 2500.1846075795647 -0.0284958070803277 2.209883026874869
26 260 0.41862746437177173 0 0.00038591598775620373 1.1285693507682073 0.7492468369065345 4996.396009080413 -2.486862220035638 4994.9376353696225 0.5727319853239179 2500.661355139459 0.09439571601541652 2.020752404169787
27 270 0.4444072661449563 0 0.005333655229728131 1.1326340680884197 0.38195164331875003 4997.124524673127 -2.1321137505556553 4995.391599043619 0.49123247499062567 2499.9386462767793 0.12595084830131872 1.4320858249455615
28 280 0.4477257673811961 0 0.0005959888540161837 1.9300221643080206 0.6935012041673513 4997.222585074068 -2.7185607790388637 4995.62161539146 0.13609704748783258 2500.815897573052 -0.05379067798578743 1.0694310692579756
29 290 0.43459406785997395 0 0.004450406561309915 1.0612954011852596 1.4777806898083727 4997.093342357848 -2.3559686401503823 4995.921198354954 -0.08101030301626413 2501.930339190001 -0.08607153593022235 0.39613995614619
30 300 0.4172200084488227 0 0.001169399135779343 1.0546953898598532 1.2078771772698167 4996.434438788125 -2.510706769752792 4995.867957926093 0.33300927486966014 2501.3240439196093 -0.09217500778805082 1.4479644863508372
31 310 0.3762134362745028 0 0.008797038394930304 1.0730869701086485 1.3318640401034103 4996.356952470034 -2.632990813731217 4995.469332803571 0.36460247591653694 2501.7799186096618 -0.2744895276118663 1.0492881876189193
32 320 0.3572149266554427 0 0.00036665333991922004 1.5036984782399856 0.7981847142098557 4997.111048196555 -2.1735605952824013 4995.543170005547 -0.1038203551014723 2500.76697636163 0.02298386836078875 0.9526208114272806
33 330 0.3396522250881238 0 0.0029381703338086035 1.770796944297755 0.3927331401695402 4996.877656655446 -2.165541430854927 4996.099340851498 -0.05579126974224999 2501.0113282103116 0.18899386673195856 0.7767724083969778
34 340 0.33298690742626413 0 0.0004157312685307969 2.043019972512163 0.5526150560915082 4996.991238883981 -2.3459641380469405 4996.137349782213 -0.20237775711588088 2501.034724880304 -0.04659742665883234 1.506544693581831
35 350 0.34431987128882113 0 0.006451286584573719 2.0908470392922345 0.7123497831694368 4996.4097347301085 -2.8540942795259516 4995.6774944234685 0.07359124547229468 2501.530209877981 -0.11532231173533991 1.83594099374551
36 360 0.3123224835536548 0 0.0044017718390283464 1.9668784759152786 0.47002776982608785 4996.855543902412 -2.3782350293344154 4995.769742546209 0.07830784487306455 2500.96747532745 -0.11264213512378121 1.290416260367308
37 370 0.2872487060390459 0 0.0001708469695094622 1.3117151917155048 1.1601015760698457 4996.762618653478 -2.577366380280639 4995.430409106432 0.1279499745433051 2500.9037027123773 -0.015181110287356414 1.2962520941794842
38 380 0.28025144438047794 0 0.0021909326800235228 1.8593516057244757 1.0369956255796469 4996.849643289604 -2.7861122285538786 4995.2853623225965 -0.0467881164546748 2501.2275739028237 0.000392204222404496 1.866458355798673
39 390 0.28918281161497644 0 0.001082890632739992 2.3716017536687644 0.3014308374747632 4996.215321188843 -2.768747126849296 4995.433734870651 0.0033668872746955222 2500.528546663117 0.11753901178285849 2.3137133839207618
40 400 0.2948595261895934 0 0.0026650070643716418 2.5176124233979476 0.5049263402412221 4996.248060818234 -2.738123009270025 4995.943209506645 -0.12821519507399615 2500.545068459915 -0.19838939548097068 2.38087308725324
41 410 0.33171817548370075 0 0.008353092027954817 2.0693869649436967 0.270336345219901 4995.954904123234 -2.4313338069825283 4996.412148108659 0.20296426446862242 2500.1098638531253 -0.0037583444191603976 2.461915531574114
42 420 0.3469247999172766 0 0.0014543180281620736 1.5940930537144091 0.4679455326353267 4996.357614725058 -2.294150218224848 4996.055770201994 0.360268038438437 2499.8795741744134 -0.13269502200993902 2.537961015175499
43 430 0.3949851869834495 0 0.0002627481440300806 1.6176009845489996 0.48904389699064554 4996.9154585073 -1.8972694833252555 4995.3780520405 -0.21336773674556636 2499.482509133414 0.04898528411302647 2.797060398556766
44 440 0.41090107718599395 0 0.0031662260553939783 2.3494125460947504 0.19729962964476414 4996.096133789753 -2.4507003063063713 4995.176032322052 -0.047578488514590386 2500.2518193630813 0.034447056437482096 2.538913548735204
45 450 0.4066476442611714 0 0.00046055629879058 2.8708998140484003 0.005148613207565503 4996.438093638059 -2.687343377309369 4995.940864356266 -0.15920328861567212 2499.964178746418 -0.03638773894948186 2.4383475018307474
46 460 0.40853748813446417 0 8.732515496792609e-05 2.8766738793543616 -0.3697139181229134 4996.640777763442 -2.332879282201115 4995.8067116797465 -0.20853091581390543 2500.109349383465 0.07156650252991498 2.7289329412839227
47 470 0.3902216203119866 0 0.000376372416705382 2.908912582603957 0.15483472611944832 4996.683119248844 -2.6233909272474194 4995.972755083403 -0.4035351658674868 2501.0691152066756 -0.003732483364841735 1.9846055430548917
48 480 0.3709405011995893 0 0.0010842501945827318 3.351719102658998 -0.2890537384537204 4996.66268141855 -2.346826708280395 4996.25793879803 -0.6261195484439629 2501.21264133654 -0.09292665390340568 1.8306704263729765
49 490 0.3802750461269539 0 0.001974199434756958 3.217140681773348 -0.12865748546086006 4996.959955595629 -2.3216751692260535 4996.7571715314925 -0.7978310881133559 2501.8691325613836 0.007926458687345761 1.15273713504114
50 500 0.39122328966696884 0 0.00017090717911895432 3.5382828872746317 -0.8100620939595495 4996.384888009269 -1.9673257285156702 4996.047367976951 -0.735708047907564 2500.240181378736 0.0037165914000106826 1.4587516234333622
51 510 0.3662215047004027 0 0.00038407060753103023 3.0852825494949636 -0.3143263169700886 4997.0578319736005 -2.1114969429816655 4995.70546908097 -0.6796407484148727 2500.0178995248857 0.027372844207321154 1.9464259745986456
52 520 0.3369778760029268 0 0.000514287837363943 2.9077983651165225 -0.3613040675842368 4996.691144116428 -2.0371111016905092 4996.5075920144345 -0.4487442345518538 2499.839645655907 -0.045205981782414625 1.9764089081099654
53 530 0.30512625742344623 0 0.0001449414207942912 2.8562347032784254 0.33467813661559714 4996.66748154091 -2.496835568113996 4996.245229580278 -0.7019635917970893 2500.858378489059 0.025112374689924055 1.1789988603141401
54 540 0.27708762758689576 0 0.00018065094433279428 2.973474859557862 -0.32681957967297376 4997.1167621810055 -1.909045063067918 4996.273515886653 -0.7151409957373709 2500.031198703101 -0.01559782028905475 1.4972359006831262
55 550 0.2989502229946168 0 0.0002794456790930636 3.228515984679901 -0.04420371317583993 4996.829318520355 -1.8492923518120554 4996.202953928043 -1.302621413547992 2499.7260863255906 -0.030171978535173838 1.6921129744147152
56 560 0.3073022063208715 0 0.0007448406163373622 3.077781060947255 0.06178589891533849 4996.711667828856 -2.04747908773816 4996.588887830323 -1.023427158378216 2499.7946319246425 -0.0487862893086523 1.918786423223302
57 570 0.3376980963571276 0 0.0001021542376005861 2.2340982003902488 0.5487293033556253 4997.276209640973 -1.5654815587059685 4996.892930641779 -1.1987779913210397 2500.4223955339976 0.012544840039748421 1.1212041818763598
58 580 0.38103978863790605 0 0.000823313060477967 2.78965327946798 -0.10775164491275094 4996.836903171708 -1.56455353029195 4996.72982139931 -1.1881186701229827 2498.919095442406 0.1344874082101027 1.580255041898698
59 590 0.411323994441081 0 5.8427112812125826e-05 3.0523250172397973 -0.14518961607259817 4996.350070892842 -1.7073617348530208 4997.359372229968 -1.2170377071294436 2499.162879075183 0.05082996150014063 1.6606039304141016
60 600 0.4550296969057865 0 0.0005755912642144711 2.8691871412849808 0.09334400656643435 4996.505097851179 -1.4350072851272613 4996.940750004879 -1.4614085164332327 2497.7007639089406 -0.062194517291592165 1.9859530865756887
61 610 0.45481687543403077 0 0.00039950403338658014 4.103751272360276 -1.297381361571849 4996.0201299958435 -1.2685561437794965 4997.619316602464 -1.572817446690584 2497.84472522278 0.04649403940209396 2.230953311190839
62 620 0.398147396106492 0 4.336512451849971e-05 2.964937628068495 0.02011151430748026 4996.810727431877 -1.8382848286046862 4997.090965146201 -1.1500567415350256 2499.4082890906893 0.025471719957636182 1.5842052745714266
63 630 0.3623371614522401 0 5.1699221694182097e-05 2.9869697051619655 0.15631653331052403 4996.737862960587 -1.892978751500835 4996.632539375348 -1.2662792389055564 2499.0061683792883 0.04717894608574341 1.6940985262881019
64 640 0.32568198304655155 0 0.0005879671044386347 3.594422065860606 -0.8234379146968724 4996.530888363657 -1.415842607420216 4996.921961194833 -1.3483306745793597 2498.1244323616984 0.0486420616420334 2.0966401707504065
65 650 0.2964044922218145 0 0.0001233127978692723 3.362466706628518 -0.8912617986102828 4996.623114634062 -1.5223605741800692 4997.3045475643585 -0.9831276477934454 2498.5823048749544 0.07291749207322354 2.053695091433988
66 660 0.29555841804280536 0 0.0001725407602943484 2.6953988952724925 -0.0947312858812197 4996.681251764102 -1.9202314590932255 4996.336862073239 -0.6546202160508912 2499.3250345026277 -0.017390644058202932 1.7254867492131534
67 670 0.2988407314754625 0 0.00029875339623856503 3.097494632039762 -0.42296912377117196 4996.774373451922 -1.7767163427273935 4997.015475512267 -0.9520467676740267 2498.7277379030043 0.0976872243752725 2.028340993123845
68 680 0.3187501682097311 0 0.00010955837750145213 2.6534585166407587 0.482693125057682 4996.931258083664 -2.294653141554938 4996.87900096621 -0.8364056453074432 2498.5360901449308 0.007394403045833248 1.7500111954289104
69 690 0.3514100021848575 0 0.00010825993865303371 2.3599207754126352 0.8465669942366234 4997.4569097462 -2.360812018011185 4996.614991684655 -0.8631611119795903 2499.2844098124947 0.05883123628070605 1.2814098570068078
70 700 0.3153366626762258 0 4.330689781304185e-05 3.144252352615669 -0.3174787486309806 4996.792198985806 -1.857639257143841 4997.088674765229 -0.9873199924634156 2498.3548207552676 0.04656909545885897 2.19207736616537
71 710 0.3042390222025197 0 4.128976721185242e-05 3.3905907769368353 -0.12715033268617218 4996.219526790603 -1.9905532839101376 4997.167059487536 -1.2936891310499754 2497.7741912437473 0.04736806586417741 2.6240889520122357
72 720 0.27571970536228324 0 4.86571541312029e-05 2.7660800227695033 0.3300902085565802 4997.118464513716 -2.09218011570778 4996.614635856893 -1.0016587686305563 2498.6139613900627 0.029528341828534522 1.9290662888520096
73 730 0.2652495887766488 0 0.00020589479545364968 2.626070241256012 0.20786764694998944 4996.899798224778 -1.8873023044679598 4996.502305245399 -0.944431717845146 2497.821509951328 0.03920503104846931 2.488544126640157
74 740 0.25062999287715604 0 6.285885747763078e-05 3.050524256737133 0.03608883795361727 4996.926615003624 -1.9369447489275213 4997.391337051878 -1.1454925282666537 2498.011302968924 0.012632143475971105 2.2164721415841764
75 750 0.2631248647573406 0 8.502592606657438e-05 2.9676280145158596 0.30461244493037276 4996.755619028935 -2.2002450101763773 4997.242353417081 -1.0567070542917276 2497.884857904119 0.011139186322959361 2.343182423776014
76 760 0.28415665260141354 0 7.026569330461068e-05 3.0389950491874145 0.07171665333608239 4996.700765766615 -1.9476602242235146 4998.119123241898 -1.1532430951653432 2498.1536841315497 0.006225956289021027 2.067342378262617
77 770 0.2695892337226251 0 5.3588682003330515e-05 3.3767578156321028 0.1277366703525419 4996.368974239013 -2.266925572806838 4997.472458761445 -1.2596417748804787 2497.999586519244 0.04756881583506152 2.5207500030278682
78 780 0.24415513038216458 0 5.734583920704138e-05 3.29833258463271 0.004706674625402845 4996.350717081891 -2.102725169093102 4997.501169103043 -1.1916439614680638 2498.0000672309898 0.016793602422960238 2.713035154429816
79 790 0.2318633938481499 0 5.786658730681801e-05 3.4445392227040004 -0.20599211470176843 4996.906026789804 -1.8261764674861412 4997.349042452173 -1.4257413852175937 2497.47447296162 0.03352915407237996 2.670469689575993
80 800 0.21206430301709014 0 4.922287276895782e-05 3.126872392323575 0.15425773184166636 4996.916084683 -2.0254696003240267 4997.830635207379 -1.2682341495044516 2498.48478634816 0.03728472307099004 1.8885534324401894
81 810 0.18753572982907 0 5.233552783805616e-05 3.1074284026312786 0.16765639901123677 4996.811980760483 -2.0988118580556043 4997.555804712482 -1.1990991543206408 2497.789346281874 0.05008410494092112 2.4444097283016273
82 820 0.18344443191658963 0 7.536285746522482e-05 3.2252001309894993 0.07713575639621686 4996.770909079843 -1.9255232378784508 4997.57904782694 -1.4121801799240905 2497.660516078705 0.06337211055198724 2.900122705121289
83 830 0.1766679284349488 0 7.796999602608816e-05 3.5629340092074435 -0.18762440487318421 4996.778764183589 -1.9421914860165226 4997.314289405788 -1.4271756652438725 2497.9097775524488 0.00899804153810796 2.469864762746017
84 840 0.16784920492168953 0 3.483265980318822e-05 3.070557387847983 0.027827589334045104 4997.181946351519 -1.7684099757396954 4997.155414152278 -1.3460693471645067 2498.263235685523 0.045236462157761205 2.2395047707099227
85 850 0.18073892799374008 0 3.875062925384614e-05 3.2395134049636716 0.004463442408659646 4996.944657136742 -1.8615959085979439 4997.075921417728 -1.38695997934135 2498.4907731330136 0.03543233379463635 2.3587982871918514
86 860 0.19878468642726058 0 2.5499972096118873e-05 3.0784760053567735 0.28827939057058877 4997.113351504122 -1.8858934317559573 4996.969950714717 -1.4879053145481012 2498.8126980394045 0.03527200337210083 1.8670315780832585
87 870 0.19684350194663133 0 2.814565166254842e-05 3.190680369511101 -0.05819504188582594 4996.905734596917 -1.948746508544249 4996.882154789374 -1.1906853774446682 2499.013508951662 0.037464311050837716 1.9552885447640418
88 880 0.1920688097340001 0 4.523302447240636e-05 3.2399667497697524 0.10035194790520137 4996.982230130705 -2.0400141166786416 4997.102935216774 -1.3080488366894123 2498.919289162367 0.030352596972798823 1.8636744912037502
89 890 0.19543212662837692 0 8.156927844911982e-05 3.5347417810623347 0.11996224650147168 4996.6869399926845 -2.1467478740958112 4996.961852282407 -1.5375264933808177 2498.8602896593825 0.05704647946148837 2.396058358202135
90 900 0.20948799766859327 0 3.434127993078424e-05 3.530790787763199 0.11228124151683001 4996.599433157288 -2.1291479351847054 4996.981238408845 -1.5187770949565835 2499.70649448798 0.037377501223060106 1.8133174502676193
91 910 0.2081004836598125 0 3.0168040032094467e-05 3.6314677305371887 -0.2078045482429338 4996.56550182192 -2.106015898151234 4997.090092223445 -1.318359339814315 2499.362286079598 0.027504785238060908 2.3181682493010776
92 920 0.2109611361065783 0 8.541855810853465e-05 3.6352109724352304 -0.06344892062360176 4996.630512485189 -2.155361633014698 4996.781199401009 -1.3981147809597487 2499.86550451533 -0.0006393849659621503 2.2071374604509875
93 930 0.23206178395668756 0 4.2273088978842266e-05 3.799637854922143 -0.15592106030940178 4996.336773875873 -2.2807963272911085 4996.94675929568 -1.3587434652874935 2499.7692689466485 0.016846356876456057 2.6821413100944427
94 940 0.2631158145068007 0 5.182879599233088e-05 3.7706336603295174 0.0016237288769243158 4996.072310003533 -2.638227939625096 4997.035376418222 -1.1443914115027278 2500.4253947494403 0.03144899625336332 2.261198457175288
95 950 0.314554827278209 0 2.9911149057362108e-05 4.670587159389291 -0.2680700826725053 4995.188862665887 -3.030441772739982 4997.478435823843 -1.3897280362504205 2501.4185903298935 0.04547404047287401 2.637264108396672
96 960 0.33017543538284505 0 0.0001304232701662275 4.3444846262302335 -0.6605636305137601 4996.184278190793 -2.075806329268937 4996.469724403861 -1.6420880798210655 2501.2101321299237 0.07530786570827569 2.007934213237805
97 970 0.321150745330165 0 3.4763496949217676e-05 3.9490371972615166 -0.8111874146744646 4996.033135836676 -2.01727278777993 4996.674955686753 -1.122910808632613 2499.220127610317 0.029506705581943272 2.7365127089075623
98 980 0.315453580485497 0 3.1007626646201126e-05 4.151070675245442 -0.7726279963211342 4996.121607760511 -2.292944173990506 4996.497945054175 -1.0916428362823953 2500.3752449240706 0.030433577646289886 1.9111767997195606
99 990 0.3080741890842955 0 3.249328362289725e-05 4.049327076026506 -0.7905795884017791 4996.261531607282 -2.3997444669418835 4996.155877500955 -0.869230420252488 2500.2605807921473 0.04176336988065391 2.153518194552365
100 1000 0.31145066663305265 0 3.635517034338359e-05 3.8425703022612314 -0.44991097243325984 4996.319230117446 -2.3820181954472637 4995.200430193622 -1.0173656315995785 2500.7761438588395 0.035955190809596645 1.28016577962108
101 1010 0.3700104348837607 0 2.3680726712465497e-05 4.940670318850183 -1.5041799730576293 4995.829053376762 -2.4123786139356467 4995.3188729457415 -1.0235617554829815 2500.831321584775 0.025921745318614377 1.5736306560121025
102 1020 0.3935086230667836 0 2.8659398290738245e-05 5.2233220438583885 -1.5362668422086232 4995.540012972376 -2.656732704181469 4995.959845759552 -1.0382279459251453 2500.4118192562714 0.03207077324290942 2.302291042378754
103 1030 0.4103637430172677 0 2.6123945123933618e-05 4.824306750795468 -1.4912277277856814 4996.224076299416 -2.3207250409712086 4996.050940148323 -1.008581634723852 2501.788722582508 0.021243660585811792 1.2494185443548917
104 1040 0.42418508361801843 0 6.609241515261943e-05 5.365324049879424 -2.0818289529550675 4995.830644690021 -2.2673791108376538 4996.2593964255775 -1.0265085349516405 2501.6302135470282 0.047142485192203015 2.1397992130818557
105 1050 0.4192187751171063 0 4.029713486111734e-05 4.855868625750726 -1.7766264405683578 4995.869551475034 -1.9034176176515223 4996.299920637767 -1.1881120052052088 2500.5664879130236 0.04581726313916247 2.1356713893519403
106 1060 0.3825036648901546 0 3.437494488364666e-05 5.850296167556894 -2.4540840057907354 4994.862886447218 -2.4885403327496145 4996.753001965923 -0.927297904223474 2500.5522758779607 0.04521996611255192 2.7679674483414676
107 1070 0.36744000467232957 0 5.317728909365472e-05 5.307070871269931 -1.801879361444711 4995.24733854481 -2.488044931595181 4996.318307312255 -1.0151938068118556 2501.0363606308415 0.01621937246832722 2.863632167091116
108 1080 0.34603446324631115 0 2.9446991922012087e-05 5.676350425048247 -1.8158675680603231 4995.181632798463 -2.4539037963144983 4996.01766686213 -1.4220200077495966 2501.7855030861306 0.039866549309336 2.9647947242327417
109 1090 0.33299785290783485 0 5.1013696675529495e-05 5.667547437531026 -2.1300814720613737 4994.764554205843 -2.4602853794072623 4995.226597196281 -1.0712995186267908 2502.3239443038383 0.016537748615428904 3.0949300636772907
110 1100 0.33027930227976593 0 4.1226258393670773e-05 5.444463481690207 -2.1091461446222395 4995.021749852658 -2.2006999268664633 4995.965373607052 -1.129789793892788 2501.425220696346 0.018127572962335272 2.423598859720701
111 1110 0.33188368472583124 0 4.1993638554211036e-05 5.999706765563647 -2.8642024817939133 4994.730527009694 -2.0249110200185423 4995.604809627844 -1.1085535032210927 2501.019269707194 0.023227444698570972 2.7067227374872376
112 1120 0.33164601644947983 0 3.800559636887786e-05 6.121989127074546 -3.14020967922571 4994.447309210785 -2.078287989253146 4995.689967813548 -0.9024894445639644 2501.931146251749 0.023906237463089113 2.6729323130112532
113 1130 0.29390735211233165 0 3.5297741638671656e-05 5.6950632787794175 -2.6034640525312236 4994.822625023483 -2.0273412348175004 4995.316847317517 -1.0672493864896022 2500.7618021918365 0.02555216037267069 3.1829071973737055
114 1140 0.2552893674629024 0 3.097599084926141e-05 6.038725152705343 -2.553414855910095 4994.332403695461 -2.4797077358530255 4996.139697787 -1.0204053369361188 2501.5438317949233 0.03817227583256737 3.1807731771251833
115 1150 0.23425432091210202 0 2.917400149281474e-05 6.198095409893972 -3.0926602209203407 4994.4927546329845 -2.2639592911903272 4995.978868259933 -0.8469392664706156 2501.631598886241 0.031037295266414567 2.773392865598325
116 1160 0.21309719913027123 0 3.7581952554883094e-05 5.594343571004298 -2.21149965614545 4994.91841656803 -2.4405463024537073 4995.573018557863 -0.9634904479168874 2501.947919006622 0.05226429877783509 2.473272256400452
117 1170 0.19779183403927728 0 2.5580350245109837e-05 5.703225929762417 -2.381358516038847 4994.524997667977 -2.4312811293319387 4995.867459258267 -0.9016581403734473 2501.865640864267 0.03887356575454484 2.4771408732922637
118 1180 0.18408304262319702 0 2.94895790612547e-05 5.700149061217076 -2.544462741941643 4994.713746202881 -2.2610091888764785 4995.805810708287 -0.9090304231443778 2502.135618204499 0.04444605957343117 2.2944788660916
119 1190 0.17487309583584923 0 2.715612548304496e-05 5.8468196806618975 -2.7357600237546533 4994.4803724177145 -2.309087063742165 4995.748690917767 -0.8099867690013047 2502.2182968104785 0.036564241545117254 2.385957638871153
120 1200 0.15947151869507656 0 2.6518813141464863e-05 6.004633684869681 -2.804082664935853 4994.366826902717 -2.3626804531553787 4996.094250287932 -0.8505153224168749 2501.667622422198 0.03999275013295864 2.848455684877725
121 1210 0.1519905065430503 0 2.5884263987356553e-05 5.813121611259796 -2.5158365416175403 4994.83165118609 -2.2947905074917374 4996.001339898338 -1.0094725346472537 2501.9561605501367 0.03222728254541275 2.4738587303567425
122 1220 0.1368499534422548 0 2.5633296326527355e-05 5.91526205791445 -2.608252260722324 4994.434824463066 -2.372730433011322 4996.116069256273 -0.9460235501702139 2502.1146502661836 0.03846501314650811 2.7129290932616246
123 1230 0.12044605025452035 0 2.537497179194293e-05 5.874074894275427 -2.669425088559519 4994.686606749457 -2.3086420602111652 4996.1524224586365 -0.9042028658219918 2502.063115231925 0.034075009224838304 2.50518206454081
124 1240 0.10596365491897511 0 2.6027303705085393e-05 5.829664683458643 -2.6932844600670878 4994.663821145115 -2.2516517849195887 4996.004433796777 -0.8908585629049995 2502.1201857856263 0.03150533463534364 2.465391366168867
125 1250 0.09838710374178161 0 2.4980891794057767e-05 5.918178198140417 -2.6203850761108645 4994.5268235806425 -2.3911819011265307 4996.042526768596 -0.9153105059447613 2502.0697832786514 0.03490643124943976 2.424211771701924
126 1260 0.09696867488588627 0 2.5534960012521718e-05 5.8410260177130136 -2.4733243636622717 4994.510578165319 -2.430812042573929 4995.820793213732 -0.9475438192509161 2502.2515175056064 0.03695267084638684 2.3888408083623323
127 1270 0.08577837411982965 0 2.4968449972692393e-05 5.895895142764777 -2.6183449959729406 4994.566003963722 -2.401334124960852 4995.842607402064 -0.8853937659954191 2502.287392928929 0.035561376802724615 2.43542757679819
128 1280 0.07887940118123261 0 2.496665565494878e-05 5.903196885508696 -2.612580072195658 4994.416547769054 -2.433067703300722 4995.79607890203 -0.866284527600533 2502.5460410097207 0.0354027581133729 2.4395727570755446
129 1290 0.07093841434192934 0 2.500248356935141e-05 5.862275813391976 -2.595036787204908 4994.565764272279 -2.3396859562014933 4995.899324978984 -0.936987933518845 2502.0276671495667 0.0366763503004917 2.42133070230784
130 1300 0.06661833486749309 0 2.4931731721533075e-05 5.845299018148666 -2.592404755436736 4994.5684304926135 -2.3548750031508288 4995.901642148312 -0.9067307219358824 2502.076472122915 0.034895644005494275 2.351939414218739
131 1310 0.06802231632909721 0 2.4408216078587925e-05 5.780310020079388 -2.5535836469512234 4994.665941811973 -2.3241786869246415 4995.694927866825 -0.9088037730914856 2502.152155531162 0.032854964835040565 2.1963238581028315
132 1320 0.07459747533164979 0 2.4149984838874753e-05 5.817362431288537 -2.534625928221176 4994.531485660775 -2.4051935267273694 4995.656372399166 -0.8838295693437983 2502.6863736951427 0.03288864421354256 2.1174538953412965
133 1330 0.08151535744356966 0 2.416919890047333e-05 5.857276243723768 -2.565436064074083 4994.490941308159 -2.4714929741016087 4995.718943620603 -0.8281050964274508 2502.5235899047384 0.03510508050571643 2.1006328336484805
134 1340 0.08775659330443601 0 2.3846980112348823e-05 5.77608805532595 -2.544614020906388 4994.547195401777 -2.4225707156969087 4995.645363945036 -0.8140759607403629 2502.5481751344987 0.03194132735275036 2.005774205091435
135 1350 0.08323409699253556 0 2.4458749668677716e-05 5.977807998185003 -2.757519618342408 4994.396170396853 -2.3854026300787474 4995.8078549631955 -0.8422650967758446 2502.280762050252 0.03485928196696705 2.2047757678213715
136 1360 0.08066998506503736 0 2.4470690073803768e-05 5.83839777192402 -2.7190570545952104 4994.588685656946 -2.2409157622396294 4995.817772755171 -0.8869210661378129 2502.1404408455014 0.036613722437943017 2.0567421434491333
137 1370 0.08298221195494213 0 2.4032902559946136e-05 5.984120904155062 -2.864743978937808 4994.459688702652 -2.297855328611598 4995.7485833211485 -0.826827088367916 2502.1122538005534 0.03225467603023551 2.0643130425843865
138 1380 0.08526183367296437 0 2.39134121133558e-05 5.973718979125329 -2.8845240221457087 4994.443838552592 -2.303663800761823 4995.7290893826585 -0.7924943925798753 2502.2451701741347 0.034242113610125614 2.0382337443462455
139 1390 0.08268663501227577 0 2.370787574051134e-05 5.932291972894831 -2.7187663160890576 4994.4243683508075 -2.3986708201641704 4995.9052964030025 -0.8202803317055587 2502.410682306255 0.03225887040670543 1.9605710857852214
140 1400 0.08139424541664814 0 2.3692602364327122e-05 5.909290009600202 -2.704832752302694 4994.461773923483 -2.3891809516914297 4995.852900915831 -0.8186399475943495 2502.594670471671 0.030180002715517833 1.8855695373461128
141 1410 0.07520219550627188 0 2.3551635537279387e-05 5.757881763663116 -2.659703374219797 4994.648077567094 -2.265231350456076 4995.964898183514 -0.8377914799828968 2502.2365722452005 0.032468724848022865 1.9101926234814286
142 1420 0.07545067864325972 0 2.3383953547686045e-05 5.722335447980635 -2.611159212593966 4994.771727402249 -2.2423202774370576 4995.767460360635 -0.8735415329906188 2502.154397349914 0.032138889887993065 1.8712777789616855
143 1430 0.07051339563521618 0 2.3444510743481234e-05 5.864517774031277 -2.6584126530569376 4994.526696018065 -2.356391063449603 4995.879223392018 -0.8544329066888856 2502.557482367954 0.03171246358667505 1.7969133438652085
144 1440 0.06670216078156116 0 2.3331806855868696e-05 5.623501689763503 -2.5280066298912804 4994.775058687295 -2.242283782268619 4995.823082660254 -0.8577973015468371 2502.258583668991 0.03185173768069528 1.7829408079763776
145 1450 0.0743004812305409 0 2.2816651296554858e-05 5.576601339173251 -2.4594409043157794 4994.807478799933 -2.301460197280295 4995.726145402914 -0.8171212041688282 2502.501816814428 0.02982756739053625 1.5618924877528215
146 1460 0.08518562366282728 0 2.248803141041401e-05 5.637310944442466 -2.4878672022491797 4994.743551331573 -2.3953325599939155 4995.691194134785 -0.7564168557970333 2502.7338199111346 0.030578776662632853 1.4882999062908127
147 1470 0.09132633185890217 0 2.269964426272707e-05 5.705106945605193 -2.597578776746868 4994.718381078531 -2.3724092197966953 4995.594641660982 -0.7379984388877188 2502.691750838182 0.03084251547715175 1.5390176204367336
148 1480 0.0897495895004542 0 2.2681047185366493e-05 5.721982880692032 -2.591743871257599 4994.685597043579 -2.385269194374775 4995.60962924455 -0.7465105037329683 2502.8401665250562 0.02932199571266193 1.5838452950019095
149 1490 0.09395036043191793 0 2.222722600710788e-05 5.9003833295111745 -2.7076252278896047 4994.550885046839 -2.4377856050555313 4995.484138695771 -0.7552446793239579 2503.1566628965606 0.028231306243411556 1.4120695474403904
150 1500 0.09362619526396981 0 2.2114297834788504e-05 5.785499494617017 -2.6497475813666487 4994.737649649453 -2.3926580555826957 4995.391301865926 -0.7440980146937711 2503.1159233929125 0.02953197341379061 1.362841603793095
151 1510 0.09333851311893225 0 2.201941579630711e-05 5.856419090319812 -2.714281695816299 4994.595159222376 -2.3897382854265388 4995.417025470129 -0.7521127732147663 2502.9944044568656 0.02810665543123209 1.3260263100437615
152 1520 0.0846892409511776 0 2.2235910863097993e-05 5.8712003189005415 -2.814792566874906 4994.574236602351 -2.317279708210135 4995.461168387113 -0.7399292380280617 2502.8540528421377 0.028631609308705862 1.419649202678236
153 1530 0.08367863185411144 0 2.2914882479979897e-05 5.677058117191424 -2.5189093976300683 4994.613148561723 -2.458234975421353 4995.401951621092 -0.7009492414815603 2503.008798218306 0.02869412558399915 1.3103722253796197
154 1540 0.09062044118645604 0 2.229817368743527e-05 5.983082190570256 -2.845400242154324 4994.444959449954 -2.468210877135748 4995.263151639756 -0.6711011550446614 2503.0364172639133 0.029657141749930695 1.4587889526268094
155 1550 0.09612256303720904 0 2.2130226885804977e-05 6.015917512883363 -2.7511354457709896 4994.485685181543 -2.5731334221255557 4995.233748339429 -0.6910508608708565 2503.280793328361 0.027167861478578265 1.2986498234769188
156 1560 0.09436254619724176 0 2.1855984052463718e-05 6.003124894685648 -2.8611319464067027 4994.445624716601 -2.4821572674354693 4995.216981170095 -0.6585924785625608 2503.190677476596 0.02761347725267713 1.2079164403653968
157 1570 0.08992719724656233 0 2.1936818505202484e-05 6.015654962918341 -2.8935861792038056 4994.404540112701 -2.4680290991826754 4995.171470903286 -0.6539187744549865 2503.3653766623565 0.02821587582194603 1.2802100590153773
158 1580 0.08722079698422039 0 2.1954438184888897e-05 5.946252088252889 -2.914124264664626 4994.506558560924 -2.3942682183445188 4995.382454567118 -0.6381076750939045 2503.1129957563853 0.02918358391050872 1.272304167776536
159 1590 0.08406776826074229 0 2.1900746261728814e-05 5.822524636226364 -2.8014833448753773 4994.620404989558 -2.3753187891891874 4995.473054871176 -0.6450898492997149 2503.1733702893343 0.028154903968319028 1.1780359422841062
160 1600 0.08629495580767205 0 2.1811764994464858e-05 5.965320183527815 -2.894557894018537 4994.562802955596 -2.4142515274937852 4995.282152432453 -0.6555072214232686 2503.4227106659805 0.028285585509020595 1.1643645127879536
161 1610 0.08104354024933595 0 2.190189087812575e-05 5.790431013547576 -2.7416783668567937 4994.718968967262 -2.4031765959292937 4995.35138831917 -0.6424990815050623 2503.3282356764144 0.025786298821873846 1.0128722693616816
162 1620 0.07838838880673762 0 2.1800431662713892e-05 5.794109155758095 -2.8161095181032465 4994.755191060769 -2.302846072129612 4995.302391923351 -0.6731420138824277 2503.2296478475114 0.027256817182717125 1.1132127537357432
163 1630 0.0714139530831963 0 2.1815000665201682e-05 5.789702215254286 -2.7869894053433333 4994.694161196182 -2.361277735172201 4995.213473487363 -0.6393664538820667 2503.130538658001 0.02682421517897221 1.0735276595601246
164 1640 0.06850733770134798 0 2.181491309092442e-05 5.75998826291092 -2.692730673081074 4994.7358517825405 -2.4080887604271237 4995.157816426254 -0.6578870755862435 2503.1723139977794 0.027391666535963068 1.1942770651410777
165 1650 0.05989255476059231 0 2.1785655369612002e-05 5.806902350443913 -2.7088314713413637 4994.73825816439 -2.403482199263048 4995.183576170715 -0.6929891475524915 2503.1906941219904 0.02756269066475497 1.1431082768607588
166 1660 0.05326264929142902 0 2.1780622562740755e-05 5.894686973224487 -2.806509398391096 4994.596450600154 -2.4476602036147006 4995.115572912617 -0.6387863548447248 2503.550990083663 0.027417908225853497 1.088101968357161
167 1670 0.05025529763281575 0 2.1761819437560094e-05 5.932757029919913 -2.846443321999813 4994.57458410981 -2.432909899932719 4995.259594070074 -0.6519494668981175 2503.339320645899 0.027559964540549316 1.1391799093264274
168 1680 0.04837162082431033 0 2.1778236176186888e-05 5.987894659886266 -2.9450723366436793 4994.511887025667 -2.3991705583922927 4995.155567721969 -0.6421312987068721 2503.3343617117393 0.02762995274096748 1.1439774353376895
169 1690 0.045282559045947156 0 2.1770521816626377e-05 5.820473680982223 -2.8021945808156232 4994.70231821239 -2.357555021842066 4995.258355314193 -0.6585017041321797 2503.2290632215313 0.027029156844666915 1.077399874763563
170 1700 0.04394421769472992 0 2.176630279533991e-05 5.868393534395445 -2.8501511583214705 4994.680228374698 -2.3236825538253822 4995.312423017166 -0.6931855228828756 2503.0027063497846 0.02763334301683452 1.141731738056437
171 1710 0.040459971559483505 0 2.175985761418552e-05 5.995959825640776 -2.931644774122301 4994.551489581822 -2.4184561763458645 4995.125603466194 -0.6439573721938863 2503.4156240220145 0.027130562687799186 1.0963634799618787
172 1720 0.03647624186802082 0 2.1780823251088825e-05 5.883982627044077 -2.820879717735035 4994.61090173512 -2.3895826283651953 4995.290080186521 -0.6720269627299118 2503.227811450019 0.027342847993855977 1.1321350439081652
173 1730 0.0355503687261244 0 2.177016358591365e-05 6.048391157169833 -2.970983121225144 4994.4637402996395 -2.430923225949823 4995.0859999076965 -0.6452437832820083 2503.3958911130208 0.027626236116064004 1.1567526377099469
174 1740 0.036321941091912516 0 2.1779121191320654e-05 6.047173327802418 -2.997882453951572 4994.451722596543 -2.402305046053695 4995.091079229815 -0.6457003533418286 2503.3632223803615 0.027566305460326904 1.172881813793679
175 1750 0.03453194935990229 0 2.1757502568498677e-05 6.069737645467721 -3.0107976774343648 4994.452808469507 -2.416862796721633 4995.051570075871 -0.6404021460414779 2503.4878152169595 0.027549236897844626 1.1041640145627518
176 1760 0.03287294510391863 0 2.176512696788699e-05 6.067041968379805 -2.9894490504987585 4994.480671859959 -2.4243784562814246 4995.044979142424 -0.6514023932520856 2503.471622439186 0.027438903587847775 1.1050327475852242
177 1770 0.029365946348701485 0 2.176223100822942e-05 5.95894718419369 -2.901778032098907 4994.513179521852 -2.419516046365982 4995.160596360516 -0.6357787361102261 2503.4163609461607 0.02717361832228598 1.1150197471697776
178 1780 0.026008746666453017 0 2.1771341802817626e-05 6.007843311626414 -2.944508077353828 4994.514092226019 -2.4262904473206017 4995.134067713462 -0.6348230593195898 2503.4709329819652 0.026872824989200215 1.0800994510186412
179 1790 0.023571569949674468 0 2.175720192640134e-05 5.996402755931997 -2.937573307236922 4994.501413300957 -2.421548245772119 4995.110202975378 -0.63568532244512 2503.396009883759 0.027535285341819517 1.1210421977311702
180 1800 0.02170734970114685 0 2.1756192849974386e-05 6.0022162327986734 -2.9643722463020614 4994.524589923042 -2.3971020576791804 4995.158050348753 -0.6388852298180158 2503.405148255708 0.027265904615617544 1.1023674502681795
181 1810 0.019736941545597526 0 2.1757808413752697e-05 6.010834943162483 -2.9747420223848007 4994.499258963433 -2.410680161057173 4995.128856008923 -0.6235513223295723 2503.4768955019167 0.02716653618866776 1.1076014190298906
182 1820 0.01784215713886568 0 2.1756908452862713e-05 6.022008271888546 -2.9871432032768537 4994.479728962574 -2.395264628296692 4995.13548412547 -0.6379829461199199 2503.4265629290326 0.027370051260311647 1.1261003248792327
183 1830 0.01670818567230907 0 2.1754878326948867e-05 6.032235786080229 -2.9826550874773243 4994.476706991866 -2.421483755402673 4995.12348349962 -0.6264063725351106 2503.5007397616682 0.027425342243189665 1.1102093865021172
184 1840 0.015587371375049138 0 2.175481290361199e-05 6.036806311215226 -2.983933250783227 4994.476872279753 -2.4245004078291803 4995.107330606208 -0.6267161518843565 2503.4981691029825 0.02739980937070825 1.1172541598999395
185 1850 0.015460020735041081 0 2.175606411682528e-05 6.009337221046385 -2.9545284607698106 4994.502045969132 -2.4235216294101676 4995.106015327375 -0.6295567024938576 2503.503595325742 0.027349395739067025 1.1068106386630516
186 1860 0.01653360242257857 0 2.1755093521555416e-05 6.015213547122466 -2.9579183819363264 4994.497276756343 -2.4242533781469473 4995.117730833372 -0.6312569524093699 2503.5307295673697 0.027307524868993682 1.107482658607631
187 1870 0.016089972721641824 0 2.1755535626194708e-05 6.0300554882735 -2.9521585368371275 4994.453166381625 -2.461032831703295 4995.100303953842 -0.6151643524918902 2503.597861275045 0.027394674474626225 1.108985349553518
188 1880 0.016917570386305494 0 2.1756191919674922e-05 6.03177003265666 -2.971091805035255 4994.488697604038 -2.4260172333801684 4995.080957288044 -0.632865320203487 2503.53176711074 0.02727927549643957 1.1015782271485637
189 1890 0.017596092852219105 0 2.1755922910801887e-05 6.070264005719619 -3.012376243593825 4994.470122434401 -2.4312143230573207 4995.047829801782 -0.6249224607478875 2503.5944757404404 0.027351687977157858 1.1008042227204162
190 1900 0.018368736746485117 0 2.175391651176247e-05 6.0683798210336795 -3.01374409188723 4994.459059122032 -2.4282727412393705 4995.030704889652 -0.6246698131798109 2503.587412424784 0.02739877160314734 1.1128700528184985
191 1910 0.02034501747494038 0 2.1755181297670823e-05 6.113588330717098 -3.0450961781198385 4994.421671484726 -2.438403937874231 4994.994712383299 -0.628460408630868 2503.6245792430755 0.02747483596333509 1.1077296312546434
192 1920 0.020500251764513512 0 2.1756299445171028e-05 6.028547418872493 -2.9821076689051886 4994.507965512137 -2.405482705498377 4995.059694283836 -0.6392811229090062 2503.5065240887543 0.027449836915344868 1.106098195931985
193 1930 0.020174404150345333 0 2.175534214491024e-05 6.043725604519175 -2.9907947494908447 4994.4893712222065 -2.405637732196575 4995.048095934832 -0.6456862541045381 2503.4621904700944 0.027518578150573948 1.112861649608138
194 1940 0.020001767465745286 0 2.175628278969104e-05 6.039450962680399 -2.99346057554689 4994.484811189714 -2.3960916055078845 4995.106434216939 -0.6483322269839035 2503.415917180159 0.02757348715292216 1.1151955676835952
195 1950 0.01886698336730289 0 2.1754462675355858e-05 6.0995074039748625 -3.031248259976841 4994.439540018684 -2.430477240415186 4995.009061159138 -0.6360593531372408 2503.5841331258594 0.02740480512108383 1.101935822479867
196 1960 0.01722094857295507 0 2.1753944299192924e-05 6.096565546789998 -3.043434117529644 4994.4422426621095 -2.4153073262998164 4995.018410551555 -0.6361801390223883 2503.538680235858 0.02739126986258731 1.1160830282624483
197 1970 0.015815005820112457 0 2.1754083683374075e-05 6.084115619381194 -3.0289177423339493 4994.427666649633 -2.4218235742605283 4995.053249852794 -0.6317942061872241 2503.5383437894247 0.02750247186896531 1.1227356178814472
198 1980 0.015488930725883199 0 2.175341576458179e-05 6.082464697059875 -3.0162816411686135 4994.427708520083 -2.4286379479107882 4995.026020373465 -0.6358635842610327 2503.528087385217 0.027417571382193806 1.1114933496811645
199 1990 0.015048885681811973 0 2.1754204710728192e-05 6.1261753874097895 -3.061700440778277 4994.410168757611 -2.4318462269070835 4994.991816040898 -0.6309523137449018 2503.6086779150323 0.027445320786510168 1.1152494188977577
200 2000 0.015091918729635787 0 2.1752924853755237e-05 6.11419593264483 -3.0616500074475343 4994.429713351743 -2.408165575979582 4995.017171206586 -0.6426842777406166 2503.5279903172973 0.027404284915521982 1.1108689206631885
201 2010 0.015152924312721095 0 2.1753398578525667e-05 6.12960478040555 -3.0575267031071762 4994.385894851152 -2.4350420429244117 4994.996176310437 -0.6353564320054064 2503.5890149218717 0.027442074459730806 1.1131048485525765
202 2020 0.015315481634862146 0 2.1752602643399133e-05 6.166495686560732 -3.101821677996362 4994.363528555437 -2.434330672668333 4994.943028468741 -0.6287207854435111 2503.6616934155795 0.027423698126464027 1.119393424266568
203 2030 0.014805455761782257 0 2.1753061601499434e-05 6.171210389089387 -3.0958834085724662 4994.364061188373 -2.4481567289830513 4994.9707722228095 -0.6254892624231705 2503.6870206211142 0.027410621532981485 1.1144553528964911
204 2040 0.01711966365300013 0 2.1751790020062385e-05 6.183277841137365 -3.1011846837085413 4994.362771539429 -2.4510541087580644 4994.959618386451 -0.6293875462075966 2503.715187495282 0.027447731114007643 1.110704878551728
205 2050 0.017358709066356198 0 2.175133325722789e-05 6.198251099516504 -3.109207493963879 4994.355604443162 -2.446901026062149 4994.954013857387 -0.6405393145781466 2503.671573299254 0.027486170007721276 1.1168737616118474
206 2060 0.017747560501632054 0 2.175133297903061e-05 6.201888309166911 -3.1173856501433157 4994.365869735675 -2.4479097966507126 4994.940872117673 -0.634976683478277 2503.712733484488 0.027481820665440523 1.1149479014477284
207 2070 0.0201331895217954 0 2.175123837315358e-05 6.199844666167161 -3.10478406331834 4994.354728267656 -2.4561169561323153 4994.906207360069 -0.6373334902602213 2503.7398659768432 0.027477139039525936 1.113296359101437
208 2080 0.02249473132898453 0 2.1751176315592635e-05 6.236829796043952 -3.120743914983111 4994.315800100292 -2.482358428326245 4994.875028043808 -0.6322580870400152 2503.801711784137 0.027586680256917566 1.1228170558179669
209 2090 0.021253729312428436 0 2.1750942654847935e-05 6.240180589638424 -3.130631044951565 4994.310933031618 -2.4819822099969326 4994.913059889074 -0.6259488593077108 2503.786550507977 0.027488141486362257 1.1132774139596853
210 2100 0.022013281311153755 0 2.1749808344779938e-05 6.306968303437398 -3.1633024935714853 4994.221916674835 -2.5292638677048793 4994.814765407925 -0.6128771980281702 2503.979655093656 0.027596920276831527 1.1172218921854338
211 2110 0.023128150368826223 0 2.1749546910287936e-05 6.3432891406063 -3.186079332512535 4994.179706460299 -2.5520249110864017 4994.816065633666 -0.6038006797881739 2504.0178508348567 0.027695887814217012 1.129404235980771
212 2120 0.023720488753522926 0 2.174875949007163e-05 6.37622544136732 -3.2190247883007905 4994.162782246156 -2.553956898351068 4994.767675348639 -0.6017818115453716 2504.0938850529483 0.027593688608005033 1.124568162516865
213 2130 0.022891429908596005 0 2.1748195288323486e-05 6.407118616884586 -3.2719640305748166 4994.179375089476 -2.5169268042914217 4994.775348591718 -0.6167722934669042 2503.9749717775603 0.02766683775599239 1.1154855312659757
214 2140 0.025170116550323758 0 2.1747783456848574e-05 6.475040455421719 -3.3131922115090022 4994.0913943470805 -2.558547482658158 4994.722158820195 -0.6020609510238097 2504.0964607195583 0.027820843393994023 1.1384138823798111
215 2150 0.027283237389720657 0 2.1746737492033163e-05 6.48923940907226 -3.3331954347550936 4994.095357958596 -2.5614467360916424 4994.645790353199 -0.5932172803838088 2504.1370975945892 0.027705873453103887 1.1220398761657544
216 2160 0.028371663609058316 0 2.174602039148334e-05 6.536126268476406 -3.3608619341021995 4994.056674200117 -2.5807703843460708 4994.612939469042 -0.5931893252371927 2504.1846894433506 0.027802322155781222 1.1253469069323465
217 2170 0.0269590155645629 0 2.174724370199482e-05 6.465403678372095 -3.294115646105753 4994.113685878034 -2.578124281754981 4994.704326830451 -0.5917197076274762 2504.1246087417353 0.02763038066166714 1.1212129110948081
218 2180 0.026712284158944676 0 2.1746318031144007e-05 6.515562818933782 -3.3610843754338946 4994.10918295984 -2.5602342119816717 4994.663494358019 -0.5929264632696445 2504.1873084114995 0.027762941458235182 1.1303919579399433
219 2190 0.025413222606396578 0 2.1745982107884376e-05 6.566491351370652 -3.3967549414280414 4994.037677087034 -2.575286082139793 4994.623333909051 -0.5931785842132833 2504.21133873444 0.0277773674623433 1.1357011039400664
220 2200 0.026486083774027527 0 2.1745161373990223e-05 6.6426722729701195 -3.486825867788672 4994.023915123987 -2.5734372146242266 4994.585718552373 -0.5812299235861298 2504.2136573037924 0.027856235539977892 1.1413580738791382
221 2210 0.029723268188111922 0 2.174340660742733e-05 6.7417750325256405 -3.572222974775803 4993.950685046077 -2.595202454486236 4994.5111029668715 -0.5731302159624888 2504.3135722134657 0.0278114554430994 1.1338320309934113
222 2220 0.029016005147659167 0 2.174384761039531e-05 6.698620736618245 -3.5093995960292146 4993.94591046424 -2.619553434010816 4994.569111810567 -0.5683933775616504 2504.3941185478466 0.027783402195642418 1.1297355712090367
223 2230 0.027028280210437457 0 2.1744157030334052e-05 6.67755327970497 -3.5431025149124906 4994.01649270268 -2.541270173657937 4994.538273582507 -0.5918542200180762 2504.237494674759 0.02775464731584377 1.124604122279343
224 2240 0.027885167477756247 0 2.174193062093939e-05 6.788851878752165 -3.6396508464779234 4993.930461308133 -2.5723632291397474 4994.472039042323 -0.5757299486803348 2504.2938625526203 0.02795073352797955 1.1359207591639053
225 2250 0.0316875839191952 0 2.1740022881754575e-05 6.90311576930733 -3.7100444894918923 4993.8771793340575 -2.608643929529128 4994.374717291488 -0.5833320389927734 2504.5359277780944 0.027994718647211154 1.1338302165683174
226 2260 0.037399336146467434 0 2.173875865928587e-05 6.974132822994746 -3.817973342195738 4993.874101757817 -2.547112394359445 4994.292166940599 -0.6081038911013013 2504.4320902793506 0.028092770711894866 1.1428197811019634
227 2270 0.0434037329181758 0 2.17362336425424e-05 7.232088767835602 -4.028352294381367 4993.631375723549 -2.6167511429241133 4994.0843828214265 -0.5861934714994997 2504.68757389664 0.02821177283359375 1.1488400944683905
228 2280 0.045115238667538284 0 2.173771628674729e-05 7.2162970843764045 -4.014981291655898 4993.70593187029 -2.615095486933361 4994.115203251971 -0.5854435400534668 2504.6539364649766 0.028278510560795608 1.156704690452599
229 2290 0.04751507316102462 0 2.173800538339456e-05 7.394670435290424 -4.177279611149025 4993.578143831735 -2.6360208546440496 4994.019289041675 -0.5807177841357376 2504.7421811601766 0.02832353597333842 1.1666435201614236
230 2300 0.05288758806176075 0 2.1732952028113547e-05 7.490306202083127 -4.226808804880567 4993.49370169288 -2.690253143654722 4993.936545333821 -0.5726324842993801 2504.898270944697 0.02844083074962814 1.1584365153191811
231 2310 0.05817720994220471 0 2.1732764659086434e-05 7.747634500414134 -4.5068784331222895 4993.372850257131 -2.6852715145512005 4993.715232621677 -0.5551268269831561 2504.969799841079 0.028613590763957166 1.177164656095171
232 2320 0.06667606514776458 0 2.1727677385416253e-05 7.991364466373413 -4.695557258986652 4993.132130607462 -2.7701678776539014 4993.502546587434 -0.5255190981071062 2505.237729838063 0.028970166510760776 1.1772266542681635
233 2330 0.07534685139423225 0 2.1724739485729098e-05 8.347399692324883 -5.044421947600561 4992.973831954904 -2.727973962875092 4993.212300115492 -0.5752253290179817 2505.321780775705 0.029252330831704455 1.1965095524860865
234 2340 0.0902432221227865 0 2.1719944727199715e-05 8.85717345850959 -5.5041841543190895 4992.725976711967 -2.78583667747161 4992.7110127322585 -0.5677169580994226 2505.6141869114304 0.029629668430838606 1.2014632750832241
235 2350 0.10526936130760264 0 2.1722120797200943e-05 9.115579921765606 -5.628666526276411 4992.537579630885 -2.900183779052768 4992.411392427909 -0.5876975289400341 2506.162665449716 0.03011015574480648 1.2135807206481826
236 2360 0.11865447463936099 0 2.172204743211955e-05 8.447788050630646 -5.175161385333097 4993.0793988832875 -2.7155303883018824 4992.953841914842 -0.5573201277462717 2505.5283215539753 0.02925261746365673 1.187926040462895
237 2370 0.1234463171481072 0 2.1720206516284842e-05 8.683564471849095 -5.269268521478564 4992.914013871288 -2.8294940292506583 4992.764306312745 -0.5852804960469687 2506.197340214516 0.029533582740133017 1.1981926753537155
238 2380 0.11416381558272712 0 2.1725637066534155e-05 8.300217264453561 -5.090282684530427 4993.331011255837 -2.5161196087611644 4993.218008859238 -0.6938634728992303 2504.873538857637 0.029210452647703198 1.1690868321048935
239 2390 0.10932888872244623 0 2.1722712244544277e-05 8.730128642599674 -5.429691995524323 4992.962948608933 -2.7732419215926107 4993.126226280981 -0.5277693883466732 2505.418493206308 0.029647279681887576 1.2082499292529179
240 2400 0.09970446888511987 0 2.172072739228064e-05 8.8856400915734 -5.456397792157323 4992.778787811406 -2.828017967275408 4992.921271167308 -0.6019092438881204 2505.8902746918593 0.029678067997232122 1.2021560648820668
241 2410 0.0995402042223137 0 2.1721248788797927e-05 9.345753111770081 -5.8577005561321345 4992.533463180667 -2.938735025364122 4992.682346675585 -0.5503537145297418 2506.5507887938343 0.030064101375196613 1.2297341941083728
242 2420 0.10180024651810064 0 2.171810922834197e-05 9.12771348374327 -5.82675014378982 4992.907122553357 -2.679571408422677 4992.735985759877 -0.6221545489330195 2505.812703310685 0.029840511756880662 1.1999950838524371
243 2430 0.1119893884062005 0 2.171639402413494e-05 10.083145795478105 -6.6476157865893395 4992.187573743364 -2.8852156212132445 4992.097010993479 -0.5521669974256558 2506.561439371888 0.030813120811093057 1.2609066660671233
244 2440 0.1117657104944186 0 2.171551122604454e-05 10.115158441383818 -6.63979284368927 4992.13880252509 -2.889265756635983 4992.269105255873 -0.5879607708933487 2506.5508329255554 0.030838319498645187 1.2560010863800717
245 2450 0.11006144847472207 0 2.1715061798436897e-05 10.442802805280722 -6.994703606271987 4991.975905617694 -2.8926590962491923 4992.049926681096 -0.5575045959828006 2507.0469384159055 0.0310803270466321 1.2610586665444952
246 2460 0.11252143305077364 0 2.1714832804118384e-05 10.3409807377061 -6.955919304352506 4992.067867308821 -2.8425300053820655 4992.176543718552 -0.5443918671289727 2506.9735577805855 0.03083678724262297 1.2511970924420266
247 2470 0.11867838958923035 0 2.172086006976193e-05 10.245857852851081 -6.619825364339683 4991.831120290412 -3.1639763651006705 4992.1517410534125 -0.46407328039054374 2507.545280491329 0.031086024826969313 1.2647320511927336
248 2480 0.12331355722393912 0 2.1716850036944262e-05 10.068760718848488 -6.55570122325693 4992.000496949625 -3.063560640340005 4992.2823772582005 -0.4510618764837023 2507.416301252727 0.030661457887345284 1.2310571566593895
249 2490 0.12410291573940847 0 2.1715221093823474e-05 10.345597080725717 -6.804892815309135 4991.949536450448 -3.003506527474661 4992.218800906075 -0.5391108384190119 2507.45058218746 0.03093231710152104 1.2558881702810565
250 2500 0.11985406659956813 0 2.171917405389591e-05 11.012960675609046 -7.586981960697574 4991.811665702814 -2.878865019807227 4991.875912671925 -0.5495597598052653 2507.5996329865648 0.031512033506024155 1.2739912119168562
251 2510 0.12508256381039043 0 2.171508751466281e-05 10.25732455439862 -6.761966177631126 4991.806102949535 -3.0339467716353687 4992.367313666251 -0.46304793282278606 2507.988655219223 0.030648835363334133 1.2385886629505964
252 2520 0.11853430948629776 0 2.1719770242565933e-05 10.261096411503585 -6.7321463726872 4991.90230164308 -2.9879992543462035 4992.219082465823 -0.5429379882895329 2507.4520827911865 0.030933529496369766 1.2555839798578903
253 2530 0.1233127562435933 0 2.1715838851514558e-05 11.03268597279975 -7.327124685057149 4991.3790756927365 -3.2127277212013974 4991.832754827135 -0.4953977078305375 2508.507920707131 0.03155045943959886 1.2820474245835627
254 2540 0.12476502536633907 0 2.1716621837888307e-05 10.830044267760707 -7.265589611648602 4991.617774762162 -3.01754543997208 4992.1830398440425 -0.5492933999862694 2508.2481809549085 0.03137879624882627 1.2664622187816206
255 2550 0.10836805855496445 0 2.1715282328372674e-05 10.64228338344133 -7.046980228853335 4991.711186732701 -3.1285549507305417 4992.270539252327 -0.4687996937089023 2507.970937002516 0.031025013922734913 1.2610787525187659
256 2560 0.10091904737324742 0 2.17184802976487e-05 10.826441680759277 -7.352314510127291 4991.749038811255 -2.9335257852561214 4992.16588859834 -0.543146513916295 2507.7625535823095 0.03158427392945515 1.2814896105352254
257 2570 0.09336621162472249 0 2.1716458034388677e-05 9.967808398409586 -6.669790764119758 4992.262716102789 -2.750200989725038 4992.410964159276 -0.5495250091451507 2506.9363839839325 0.03072213570158055 1.245863529313241
258 2580 0.08232378688948452 0 2.1716695447492034e-05 10.962018921188157 -7.436273877382437 4991.602376475059 -3.03061380521275 4991.890233063954 -0.49751093793279777 2508.2206632423677 0.03144415036210306 1.2676162513960831
259 2590 0.07695766078437402 0 2.171509281537037e-05 10.674027734832823 -7.218949592484172 4991.675364342822 -2.9652629118210165 4992.011650920456 -0.4919387583279409 2507.810520914181 0.03116229907757474 1.2576380106157115
260 2600 0.06957833092140675 0 2.171547493917493e-05 10.748608365748648 -7.248208997521885 4991.644412174348 -3.0052453785278184 4992.0016937642795 -0.497424415785706 2508.1025375234217 0.03130322142445438 1.2655775435124292
261 2610 0.06895082539735668 0 2.171571341958985e-05 11.134663631944838 -7.495331571848629 4991.285384472086 -3.1784357718376395 4991.773009102801 -0.4633632337275229 2508.580898181656 0.031471840146755276 1.2713603248368797
262 2620 0.06466918194375602 0 2.1714878645306624e-05 10.13039526722745 -6.6994675789127225 4992.094277217934 -2.8810103766593547 4992.632509375592 -0.5516614152806186 2507.2361591725557 0.03075770012047206 1.2452527921163434
263 2630 0.0598492930442583 0 2.1714815656880798e-05 10.454952665969083 -6.931559469760186 4991.744236670971 -3.038925730009897 4992.301026694653 -0.4864169042025449 2507.8575487024955 0.030955287788065756 1.251828385950317
264 2640 0.05662747015043233 0 2.1715235628145808e-05 10.47567662822885 -7.007880285424628 4991.879562225178 -2.9205920211660965 4992.266422125688 -0.5492240220166328 2507.5842927658423 0.031033988004865228 1.2523573600318783
265 2650 0.0532799046967004 0 2.1715330819873243e-05 10.338960951844337 -6.948800561609955 4991.9976312566305 -2.839693843818253 4992.273433885003 -0.5524260527097914 2507.4537484810908 0.0309882432439047 1.2523566834730984
266 2660 0.05083190100145314 0 2.171499988136202e-05 10.42880420862142 -7.021216736221026 4991.953868660577 -2.8436636696266797 4992.2037004055155 -0.5658920228124712 2507.4132520144394 0.030977260351344755 1.2506008366322248
267 2670 0.04780000356184005 0 2.1714912348618318e-05 10.474413042637174 -7.010196170365814 4991.893509890745 -2.9179173225095556 4992.304897158171 -0.5483135043823266 2507.677107760626 0.031049265136422907 1.2538693098818907
268 2680 0.04289032489511749 0 2.171470094886694e-05 10.438503306334866 -6.919181532343832 4991.832074424296 -2.997123733709917 4992.311233229087 -0.5241557875915579 2507.7537939015047 0.030957456758489404 1.252825862292433
269 2690 0.04183579598532093 0 2.171462325506399e-05 10.303132751693907 -6.855135797686106 4991.93966303673 -2.9328701893235585 4992.412864332577 -0.5169501760952315 2507.6285354313727 0.030822243593309834 1.250065956231518
270 2700 0.03919500810092475 0 2.1714697627906482e-05 10.609212318738038 -7.1769154668380875 4991.802774555465 -2.912936407652358 4992.088811756379 -0.5214631851401291 2507.696233654361 0.03110598781419537 1.2590841708823906
271 2710 0.0352491996289941 0 2.171461368812368e-05 10.353250738297868 -6.894765070788663 4991.941330214079 -2.931137158330288 4992.429373781571 -0.5292264959955538 2507.642665144847 0.030893296929428344 1.2497056730324716
272 2720 0.033538420973189695 0 2.1714606671032633e-05 10.386543144574375 -6.909190839403311 4991.888345251688 -2.9712181783585794 4992.397316395775 -0.5080093413827217 2507.7067922270885 0.03087367084451874 1.250479564948979
273 2730 0.032652932815707296 0 2.1714631764420867e-05 10.300778706028314 -6.806161324049361 4991.921345796422 -2.972359002767372 4992.429590389026 -0.5240705441370342 2507.6790543527754 0.03082159150925983 1.2485769186616391
274 2740 0.031584943665824976 0 2.1714648881178385e-05 10.3001272615483 -6.81050691884382 4991.949549832138 -2.9650709733173612 4992.387277137332 -0.5264183486864589 2507.657384989721 0.030872921304354567 1.2517663413033264
275 2750 0.030492975036369066 0 2.1714615049043077e-05 10.351884077944733 -6.81889068923141 4991.844680041156 -3.0291136280590822 4992.380115163422 -0.5057582585230682 2507.7709996115864 0.0308717200430419 1.2526506186521265
276 2760 0.028389631428280708 0 2.171460268882351e-05 10.416877668870201 -6.875397284512004 4991.80472855147 -3.038962240288206 4992.326338141785 -0.5044188344854058 2507.863509360483 0.030911231628933868 1.2514126741617788
277 2770 0.02667161773701393 0 2.171459841034476e-05 10.45360929639636 -6.888225467364272 4991.758324744263 -3.068434831799813 4992.3126808429615 -0.49889675808553224 2507.9013526219264 0.030955470670108346 1.25313272453084
278 2780 0.02447264460502943 0 2.171460486491542e-05 10.443563855634839 -6.882601438534841 4991.776344348307 -3.05622859002508 4992.351426574951 -0.5066542578365341 2507.8917236511284 0.030923366572728917 1.251900758759441
279 2790 0.021712093135685163 0 2.1714617174648965e-05 10.361364702163982 -6.846996383773844 4991.889657971726 -2.9870736626363183 4992.381186363912 -0.5291873340474862 2507.73263071043 0.03089852345992389 1.2506736311112407
280 2800 0.021224944811653573 0 2.1714611885848036e-05 10.43926513460491 -6.923630381249036 4991.8404067631955 -2.9788833144036144 4992.344465824414 -0.5387014200020198 2507.7158254788014 0.03095758275308793 1.252502453164497
281 2810 0.020421175287424334 0 2.1714586355748846e-05 10.336120509555679 -6.826507119682891 4991.9088046247825 -2.9811321278420166 4992.403034013924 -0.5303421858132461 2507.713808628701 0.03087189330920827 1.249923945404975
282 2820 0.018470003305602934 0 2.171459388060995e-05 10.29646436531864 -6.796743686482048 4991.936216236926 -2.9708838138134963 4992.3961315287215 -0.5306589102167778 2507.6692697214125 0.030834013623497324 1.2480283433429302
283 2830 0.017939066267956983 0 2.1714590669755104e-05 10.306366968219342 -6.820522358308987 4991.948822446995 -2.954193436100716 4992.362399755792 -0.5334943921522031 2507.6467733329864 0.030852145948837374 1.2498509590100073
284 2840 0.01663779509648494 0 2.1714586348300428e-05 10.322507354773704 -6.831110045870807 4991.93536007814 -2.963790322235949 4992.360728486621 -0.5294656460005082 2507.624816287675 0.030859104697860264 1.2509785131637787
285 2850 0.01440213429807688 0 2.1714583858790233e-05 10.317003916495072 -6.8222781363230895 4991.9218527364055 -2.972226122192696 4992.388141610133 -0.5243484824675696 2507.6893440885324 0.030853823980568965 1.2498455047367332
286 2860 0.01269466796072547 0 2.1714577276223567e-05 10.349249406463437 -6.8537923536397125 4991.920979298876 -2.9684850856950438 4992.432376928838 -0.5288451891652467 2507.6584446616944 0.030877843638920505 1.2507114687923133
287 2870 0.011276928683223846 0 2.171458991557477e-05 10.409242093489382 -6.902818853310338 4991.872554340961 -2.98211295460617 4992.3104582732885 -0.5262330109262169 2507.7356950607127 0.030931004834702583 1.252536217290734
288 2880 0.010167960974708805 0 2.1714580965107862e-05 10.334730364560762 -6.842791270163485 4991.940744425266 -2.954244666480457 4992.359294423203 -0.5395703421823397 2507.6388716847996 0.03088425146491346 1.2507084635759937
289 2890 0.009750074868935617 0 2.1714581180600108e-05 10.36039571766542 -6.852128987859491 4991.88967423787 -2.9835089939720976 4992.359387359307 -0.5266480745037111 2507.72791107553 0.030897710273264566 1.2513917274248187
290 2900 0.009817239937857958 0 2.1714576840908535e-05 10.362321296234935 -6.850179640272542 4991.888858135196 -2.9864283887163925 4992.333149970982 -0.5275997006142628 2507.7292209452835 0.030891240774422447 1.2513612083323162
291 2910 0.009788810299021856 0 2.1714580124318432e-05 10.360023103623057 -6.854609149277137 4991.8893222645165 -2.978499047050988 4992.328814938871 -0.52879782807469 2507.7088392456776 0.030891260953883788 1.2507402172138904
292 2920 0.009851670349323386 0 2.171458115886478e-05 10.320994877380027 -6.81594382644473 4991.917296943181 -2.9742422795072834 4992.372018515243 -0.5326651801514266 2507.687228151915 0.030864339475167087 1.2499858243905926
293 2930 0.011084307498931797 0 2.1714578899317642e-05 10.353412213089559 -6.827669797756043 4991.884603907455 -2.99506836598926 4992.305941384752 -0.5325569924942467 2507.7391571153607 0.030885256626721917 1.2511308520471007
294 2940 0.010868020504309371 0 2.1714580177128107e-05 10.308646844074103 -6.812117916043353 4991.949090338873 -2.957076851167471 4992.350376494268 -0.541299986041538 2507.6280480973005 0.030852626334379803 1.2497710450212165
295 2950 0.010512306396011513 0 2.1714577588964035e-05 10.320935254705578 -6.8251075519476725 4991.936736481636 -2.9500983922647044 4992.3308714764935 -0.5475979932099262 2507.609224504307 0.030872603042049807 1.2508211169880008
296 2960 0.009739004942574342 0 2.171458108021846e-05 10.312252492834679 -6.806432950597747 4991.92571932076 -2.970771648101667 4992.337179239066 -0.5369044377116577 2507.6554441709613 0.030860764799185484 1.250330200959262
297 2970 0.008752255383539628 0 2.171457838083674e-05 10.319743743072188 -6.813316313634224 4991.923104332834 -2.9685129850616416 4992.337391148219 -0.5397735173423152 2507.670213897232 0.030864971811698547 1.2501219724539816
298 2980 0.008719604039076378 0 2.171457786962387e-05 10.380427005158808 -6.85612226949399 4991.859717310467 -2.998956760537911 4992.326031274563 -0.5272474734893814 2507.763078450953 0.030903194718569116 1.2517235567929588
299 2990 0.00796924988950529 0 2.17145780775714e-05 10.342392113402862 -6.832032916264535 4991.90269509029 -2.9787350640882013 4992.348288780284 -0.5335026164065478 2507.674230326658 0.03088081989889923 1.2513561742805936
300 3000 0.00790481027273822 0 2.1714576722047044e-05 10.364471904617231 -6.841242231550014 4991.87700750867 -2.997879906820048 4992.30048147694 -0.5272397685984769 2507.7190288803477 0.030893484469655494 1.2514897328516816
301 3010 0.007296351896934105 0 2.1714577838668854e-05 10.35357002568473 -6.841273263698091 4991.883234805462 -2.9855617782585533 4992.321509371691 -0.528611342514291 2507.7066108713225 0.03088035086114862 1.2507623136259227
302 3020 0.006441347393176491 0 2.1714576966221533e-05 10.358471074633927 -6.843191719931491 4991.879620121898 -2.993606487538426 4992.3486358056 -0.5235558772926147 2507.7371624919097 0.030886785195795036 1.251392266698286
303 3030 0.005659249502235828 0 2.1714576591070617e-05 10.361840306725478 -6.84293013845751 4991.878029365528 -2.9952104694436716 4992.33551996028 -0.5255860883560144 2507.7306173960715 0.03089085542413589 1.2514135886022268
304 3040 0.005418973895872057 0 2.1714577435937074e-05 10.376597366678904 -6.859745749329816 4991.866516554647 -2.992111080860126 4992.311150453314 -0.5266378165004685 2507.729504639591 0.030902722095017064 1.2516486055037868
305 3050 0.005076537236178593 0 2.171457777539865e-05 10.348668077942325 -6.839629058713612 4991.897111971718 -2.980819929086651 4992.3168444694065 -0.5300971108011744 2507.694418397275 0.03088252808598105 1.2511984404975554
306 3060 0.0047535847730571885 0 2.171457707370892e-05 10.358171915984794 -6.846257561736306 4991.885041218269 -2.9859816578480594 4992.31944276217 -0.5278132615128689 2507.7181959721424 0.030886137835906748 1.2509482117153643
307 3070 0.004778650950597204 0 2.171457665161334e-05 10.371890782885258 -6.85127686126322 4991.865210708903 -2.9962225385097487 4992.2814926001265 -0.526285197494512 2507.7335142017996 0.030897916838524872 1.2515972223781213
308 3080 0.004476404988970546 0 2.1714576706878e-05 10.357842837284778 -6.840120374070624 4991.876796509839 -2.9933013772087618 4992.299303925244 -0.5263014307407631 2507.735156468463 0.030884683597176155 1.2510295874969102
309 3090 0.0043650218080458335 0 2.171457677945111e-05 10.365738133819049 -6.8535557072013065 4991.876626521837 -2.9838982248191175 4992.274297226959 -0.5301773763232943 2507.7109243092546 0.03089694222118601 1.251550849356297
310 3100 0.00401371631346605 0 2.1714576500134905e-05 10.362506094855119 -6.845481128452973 4991.87428371199 -2.9916818785453216 4992.284083983237 -0.5272293042922334 2507.726802271987 0.03089099357629196 1.2512700419223173
311 3110 0.0038308263413399223 0 2.171457646048551e-05 10.362646586486393 -6.850461971498617 4991.881120059562 -2.9864065651552143 4992.290793582473 -0.5276668392885472 2507.70699476648 0.030893153518158495 1.2514298426615085
312 3120 0.003572576108135014 0 2.1714576444563523e-05 10.362659591231026 -6.853030782965467 4991.885040821468 -2.9826610102886417 4992.297095848319 -0.5288558736437385 2507.702811567826 0.030892560568542192 1.2513686437717473
313 3130 0.0032468706738313013 0 2.171457664920405e-05 10.366451292318166 -6.8574885502229534 4991.884924407248 -2.981373402449611 4992.28912224172 -0.5294818524330926 2507.702476259371 0.030897081157976007 1.2515922804244395
314 3140 0.003099175957865781 0 2.1714576604030797e-05 10.362031695005859 -6.854635440038738 4991.888674780469 -2.979762700998191 4992.288057405463 -0.5295221860155619 2507.702821944435 0.03089310174008785 1.2514666077785317
315 3150 0.002794918300452456 0 2.1714576462191224e-05 10.359729845597668 -6.849318043893219 4991.884236920503 -2.983302911074475 4992.285913698361 -0.5289945928643163 2507.7052779736046 0.030890236170239387 1.2512405318422801
316 3160 0.0026538671438505333 0 2.1714576471241066e-05 10.355888527465277 -6.844484001828128 4991.888107028555 -2.9830546023408626 4992.300529079572 -0.5302330902452511 2507.706524472568 0.030887883707603956 1.2511357106578131
317 3170 0.002426102044476636 0 2.1714576422463962e-05 10.360230932990921 -6.850939001733967 4991.885841104694 -2.982056114724245 4992.293013859739 -0.5291225131896689 2507.7019995586925 0.030891238908671396 1.2512998956549988
318 3180 0.0025655919327739057 0 2.1714576352973603e-05 10.356691618713095 -6.849001008728403 4991.893997156348 -2.976531728083642 4992.296617719577 -0.5330465176474916 2507.689892741118 0.030892138947393993 1.251382404910694
319 3190 0.002589097476359582 0 2.1714576473577505e-05 10.361311499808684 -6.854018396845472 4991.892228077932 -2.9755685077435676 4992.284651678203 -0.5336157313780936 2507.688800887031 0.030895198833179194 1.2514747843667355
320 3200 0.0026429812993595063 0 2.1714576386155803e-05 10.35107223619186 -6.849308477288473 4991.907208737089 -2.968929813723222 4992.293980997608 -0.5347183519133741 2507.6643109947736 0.030888961680983373 1.2512487976694218
321 3210 0.0025110899639835954 0 2.171457637251602e-05 10.35686846706244 -6.851030444173552 4991.897243558725 -2.975657380673525 4992.296962166866 -0.5320680903188576 2507.682988958145 0.030891623987290034 1.2514089989481554
322 3220 0.0023938187572550276 0 2.1714576368869474e-05 10.359964303044432 -6.854178782298476 4991.896331854607 -2.9755797821700862 4992.288411265685 -0.5320954565723619 2507.6849668748428 0.03089398456069349 1.2514661011650376
323 3230 0.002346454020541601 0 2.171457639128588e-05 10.352918476405058 -6.850119285816404 4991.902153138009 -2.9714215934884 4992.299796476051 -0.5332625232301584 2507.675843597202 0.030889265821785375 1.2512884239566704
324 3240 0.0022213654657210822 0 2.171457635786847e-05 10.356698002035657 -6.853007220125929 4991.898951791337 -2.973075768423738 4992.301561532996 -0.5325020088339311 2507.682526391595 0.03089152399125482 1.2513561727089297
